10 45
1 2 29
1 3 29
1 4 21
1 5 36
1 6 28
1 7 35
1 8 26
1 9 17
1 10 31
2 3 25
2 4 28
2 5 33
2 6 29
2 7 27
2 8 30
2 9 26
2 10 37
3 4 27
3 5 35
3 6 33
3 7 31
3 8 31
3 9 30
3 10 36
4 5 29
4 6 21
4 7 33
4 8 23
4 9 29
4 10 36
5 6 26
5 7 30
5 8 24
5 9 28
5 10 30
6 7 29
6 8 28
6 9 36
6 10 40
7 8 25
7 9 39
7 10 14
8 9 27
8 10 25
9 10 21
10 45
1 2 25
1 3 36
1 4 28
1 5 24
1 6 31
1 7 28
1 8 31
1 9 24
1 10 31
2 3 37
2 4 19
2 5 27
2 6 30
2 7 37
2 8 35
2 9 23
2 10 28
3 4 26
3 5 31
3 6 30
3 7 27
3 8 34
3 9 23
3 10 28
4 5 32
4 6 20
4 7 38
4 8 30
4 9 23
4 10 34
5 6 34
5 7 40
5 8 25
5 9 34
5 10 30
6 7 31
6 8 26
6 9 36
6 10 34
7 8 24
7 9 37
7 10 21
8 9 31
8 10 31
9 10 27
10 45
1 2 37
1 3 24
1 4 26
1 5 31
1 6 32
1 7 28
1 8 28
1 9 28
1 10 34
2 3 38
2 4 27
2 5 27
2 6 30
2 7 35
2 8 16
2 9 33
2 10 32
3 4 27
3 5 35
3 6 27
3 7 28
3 8 33
3 9 32
3 10 36
4 5 28
4 6 26
4 7 28
4 8 28
4 9 34
4 10 19
5 6 21
5 7 30
5 8 30
5 9 36
5 10 29
6 7 21
6 8 43
6 9 22
6 10 30
7 8 31
7 9 24
7 10 37
8 9 35
8 10 20
9 10 24
10 45
1 2 36
1 3 41
1 4 38
1 5 28
1 6 30
1 7 43
1 8 29
1 9 15
1 10 36
2 3 29
2 4 26
2 5 38
2 6 30
2 7 20
2 8 22
2 9 22
2 10 24
3 4 34
3 5 35
3 6 22
3 7 27
3 8 37
3 9 34
3 10 31
4 5 29
4 6 30
4 7 28
4 8 29
4 9 35
4 10 32
5 6 27
5 7 34
5 8 31
5 9 27
5 10 31
6 7 31
6 8 26
6 9 36
6 10 27
7 8 28
7 9 30
7 10 31
8 9 29
8 10 25
9 10 28
10 45
1 2 32
1 3 33
1 4 27
1 5 29
1 6 32
1 7 31
1 8 28
1 9 31
1 10 23
2 3 37
2 4 32
2 5 19
2 6 25
2 7 30
2 8 30
2 9 39
2 10 31
3 4 31
3 5 27
3 6 29
3 7 21
3 8 26
3 9 31
3 10 19
4 5 45
4 6 24
4 7 25
4 8 31
4 9 33
4 10 27
5 6 30
5 7 20
5 8 30
5 9 44
5 10 28
6 7 26
6 8 34
6 9 28
6 10 29
7 8 26
7 9 20
7 10 31
8 9 33
8 10 19
9 10 25
10 45
1 2 17
1 3 30
1 4 37
1 5 29
1 6 26
1 7 27
1 8 22
1 9 31
1 10 24
2 3 32
2 4 21
2 5 23
2 6 27
2 7 26
2 8 33
2 9 32
2 10 27
3 4 28
3 5 26
3 6 38
3 7 28
3 8 35
3 9 25
3 10 34
4 5 30
4 6 26
4 7 27
4 8 33
4 9 23
4 10 23
5 6 40
5 7 23
5 8 28
5 9 34
5 10 27
6 7 23
6 8 31
6 9 30
6 10 28
7 8 39
7 9 29
7 10 28
8 9 24
8 10 34
9 10 31
10 45
1 2 23
1 3 29
1 4 30
1 5 31
1 6 27
1 7 31
1 8 40
1 9 34
1 10 31
2 3 24
2 4 27
2 5 28
2 6 34
2 7 31
2 8 23
2 9 25
2 10 27
3 4 33
3 5 29
3 6 40
3 7 23
3 8 27
3 9 31
3 10 33
4 5 33
4 6 31
4 7 31
4 8 29
4 9 28
4 10 31
5 6 29
5 7 26
5 8 36
5 9 31
5 10 33
6 7 33
6 8 37
6 9 23
6 10 27
7 8 26
7 9 28
7 10 39
8 9 30
8 10 42
9 10 30
10 45
1 2 26
1 3 28
1 4 27
1 5 28
1 6 25
1 7 32
1 8 34
1 9 30
1 10 35
2 3 32
2 4 31
2 5 33
2 6 34
2 7 27
2 8 31
2 9 30
2 10 25
3 4 23
3 5 33
3 6 37
3 7 31
3 8 23
3 9 29
3 10 24
4 5 29
4 6 26
4 7 20
4 8 39
4 9 26
4 10 31
5 6 38
5 7 38
5 8 26
5 9 28
5 10 32
6 7 20
6 8 29
6 9 30
6 10 28
7 8 27
7 9 24
7 10 22
8 9 30
8 10 35
9 10 31
10 45
1 2 32
1 3 38
1 4 17
1 5 33
1 6 32
1 7 31
1 8 24
1 9 31
1 10 22
2 3 24
2 4 30
2 5 39
2 6 26
2 7 31
2 8 30
2 9 31
2 10 32
3 4 28
3 5 29
3 6 24
3 7 29
3 8 24
3 9 34
3 10 30
4 5 25
4 6 33
4 7 32
4 8 31
4 9 36
4 10 21
5 6 25
5 7 34
5 8 24
5 9 42
5 10 31
6 7 37
6 8 23
6 9 25
6 10 25
7 8 28
7 9 28
7 10 24
8 9 29
8 10 30
9 10 21
10 45
1 2 25
1 3 29
1 4 32
1 5 36
1 6 22
1 7 29
1 8 35
1 9 31
1 10 27
2 3 22
2 4 26
2 5 28
2 6 24
2 7 27
2 8 37
2 9 29
2 10 26
3 4 38
3 5 26
3 6 28
3 7 32
3 8 29
3 9 33
3 10 34
4 5 34
4 6 22
4 7 21
4 8 30
4 9 26
4 10 30
5 6 23
5 7 21
5 8 32
5 9 30
5 10 34
6 7 38
6 8 17
6 9 23
6 10 33
7 8 37
7 9 34
7 10 25
8 9 16
8 10 30
9 10 30
10 45
1 2 27
1 3 28
1 4 25
1 5 30
1 6 31
1 7 25
1 8 32
1 9 26
1 10 32
2 3 29
2 4 28
2 5 34
2 6 31
2 7 33
2 8 21
2 9 35
2 10 26
3 4 27
3 5 27
3 6 25
3 7 21
3 8 23
3 9 34
3 10 31
4 5 26
4 6 18
4 7 23
4 8 24
4 9 26
4 10 29
5 6 27
5 7 26
5 8 32
5 9 36
5 10 31
6 7 25
6 8 25
6 9 34
6 10 23
7 8 31
7 9 33
7 10 29
8 9 29
8 10 35
9 10 35
10 45
1 2 26
1 3 31
1 4 30
1 5 29
1 6 27
1 7 28
1 8 32
1 9 34
1 10 27
2 3 29
2 4 31
2 5 24
2 6 38
2 7 36
2 8 28
2 9 30
2 10 20
3 4 34
3 5 34
3 6 31
3 7 28
3 8 32
3 9 39
3 10 30
4 5 18
4 6 38
4 7 24
4 8 35
4 9 38
4 10 38
5 6 28
5 7 35
5 8 34
5 9 31
5 10 30
6 7 28
6 8 37
6 9 32
6 10 28
7 8 33
7 9 27
7 10 25
8 9 27
8 10 29
9 10 31
10 45
1 2 38
1 3 30
1 4 28
1 5 31
1 6 30
1 7 39
1 8 39
1 9 28
1 10 37
2 3 26
2 4 34
2 5 29
2 6 27
2 7 34
2 8 23
2 9 27
2 10 37
3 4 29
3 5 35
3 6 30
3 7 33
3 8 31
3 9 30
3 10 22
4 5 33
4 6 23
4 7 28
4 8 35
4 9 34
4 10 29
5 6 22
5 7 36
5 8 34
5 9 31
5 10 40
6 7 31
6 8 29
6 9 36
6 10 24
7 8 24
7 9 34
7 10 34
8 9 32
8 10 32
9 10 37
10 45
1 2 34
1 3 32
1 4 23
1 5 29
1 6 25
1 7 33
1 8 35
1 9 34
1 10 23
2 3 24
2 4 35
2 5 32
2 6 28
2 7 31
2 8 31
2 9 21
2 10 30
3 4 29
3 5 24
3 6 37
3 7 31
3 8 36
3 9 24
3 10 31
4 5 27
4 6 15
4 7 40
4 8 25
4 9 38
4 10 39
5 6 36
5 7 31
5 8 20
5 9 27
5 10 28
6 7 22
6 8 30
6 9 27
6 10 26
7 8 22
7 9 27
7 10 31
8 9 31
8 10 38
9 10 27
10 45
1 2 33
1 3 39
1 4 25
1 5 29
1 6 27
1 7 24
1 8 31
1 9 25
1 10 31
2 3 30
2 4 32
2 5 23
2 6 30
2 7 27
2 8 36
2 9 22
2 10 36
3 4 37
3 5 30
3 6 28
3 7 30
3 8 40
3 9 32
3 10 26
4 5 36
4 6 36
4 7 31
4 8 37
4 9 24
4 10 26
5 6 32
5 7 24
5 8 32
5 9 23
5 10 22
6 7 32
6 8 30
6 9 28
6 10 28
7 8 27
7 9 30
7 10 29
8 9 31
8 10 22
9 10 27
10 45
1 2 33
1 3 29
1 4 33
1 5 33
1 6 41
1 7 35
1 8 19
1 9 33
1 10 27
2 3 28
2 4 31
2 5 35
2 6 31
2 7 24
2 8 30
2 9 37
2 10 33
3 4 29
3 5 31
3 6 30
3 7 26
3 8 27
3 9 29
3 10 29
4 5 29
4 6 32
4 7 36
4 8 26
4 9 30
4 10 24
5 6 29
5 7 20
5 8 24
5 9 32
5 10 22
6 7 27
6 8 34
6 9 29
6 10 19
7 8 32
7 9 40
7 10 28
8 9 31
8 10 29
9 10 23
10 45
1 2 33
1 3 27
1 4 35
1 5 32
1 6 30
1 7 29
1 8 23
1 9 27
1 10 33
2 3 28
2 4 27
2 5 32
2 6 26
2 7 25
2 8 28
2 9 28
2 10 30
3 4 29
3 5 27
3 6 28
3 7 31
3 8 24
3 9 32
3 10 30
4 5 35
4 6 26
4 7 17
4 8 24
4 9 40
4 10 27
5 6 30
5 7 27
5 8 29
5 9 35
5 10 34
6 7 30
6 8 25
6 9 32
6 10 26
7 8 34
7 9 32
7 10 30
8 9 32
8 10 30
9 10 34
10 45
1 2 27
1 3 32
1 4 33
1 5 16
1 6 31
1 7 22
1 8 31
1 9 21
1 10 29
2 3 18
2 4 28
2 5 26
2 6 28
2 7 21
2 8 28
2 9 18
2 10 32
3 4 27
3 5 27
3 6 34
3 7 28
3 8 31
3 9 22
3 10 31
4 5 28
4 6 26
4 7 35
4 8 38
4 9 36
4 10 32
5 6 33
5 7 28
5 8 27
5 9 30
5 10 29
6 7 36
6 8 30
6 9 34
6 10 31
7 8 32
7 9 33
7 10 29
8 9 26
8 10 29
9 10 25
10 45
1 2 28
1 3 22
1 4 18
1 5 25
1 6 26
1 7 28
1 8 22
1 9 33
1 10 31
2 3 20
2 4 33
2 5 26
2 6 34
2 7 33
2 8 32
2 9 30
2 10 24
3 4 27
3 5 28
3 6 31
3 7 30
3 8 33
3 9 34
3 10 25
4 5 33
4 6 30
4 7 21
4 8 19
4 9 23
4 10 29
5 6 31
5 7 26
5 8 23
5 9 28
5 10 29
6 7 24
6 8 25
6 9 38
6 10 29
7 8 37
7 9 33
7 10 17
8 9 32
8 10 28
9 10 28
10 45
1 2 33
1 3 34
1 4 34
1 5 36
1 6 28
1 7 27
1 8 35
1 9 32
1 10 36
2 3 28
2 4 34
2 5 34
2 6 25
2 7 33
2 8 38
2 9 39
2 10 32
3 4 33
3 5 23
3 6 21
3 7 25
3 8 31
3 9 26
3 10 34
4 5 31
4 6 28
4 7 30
4 8 25
4 9 30
4 10 27
5 6 35
5 7 28
5 8 32
5 9 26
5 10 27
6 7 24
6 8 27
6 9 28
6 10 33
7 8 30
7 9 35
7 10 29
8 9 25
8 10 24
9 10 37
10 45
1 2 33
1 3 22
1 4 40
1 5 37
1 6 33
1 7 35
1 8 30
1 9 34
1 10 35
2 3 27
2 4 31
2 5 33
2 6 27
2 7 27
2 8 30
2 9 29
2 10 42
3 4 25
3 5 24
3 6 26
3 7 26
3 8 32
3 9 34
3 10 28
4 5 23
4 6 36
4 7 32
4 8 42
4 9 33
4 10 27
5 6 23
5 7 32
5 8 26
5 9 24
5 10 33
6 7 30
6 8 33
6 9 33
6 10 27
7 8 22
7 9 25
7 10 30
8 9 26
8 10 35
9 10 33
10 45
1 2 34
1 3 34
1 4 32
1 5 30
1 6 22
1 7 30
1 8 29
1 9 29
1 10 33
2 3 26
2 4 26
2 5 27
2 6 34
2 7 33
2 8 31
2 9 30
2 10 34
3 4 32
3 5 28
3 6 31
3 7 31
3 8 26
3 9 31
3 10 33
4 5 28
4 6 38
4 7 29
4 8 30
4 9 27
4 10 27
5 6 30
5 7 27
5 8 25
5 9 25
5 10 28
6 7 24
6 8 35
6 9 31
6 10 35
7 8 37
7 9 31
7 10 40
8 9 33
8 10 34
9 10 38
10 45
1 2 32
1 3 21
1 4 19
1 5 27
1 6 23
1 7 35
1 8 35
1 9 26
1 10 28
2 3 31
2 4 33
2 5 26
2 6 21
2 7 27
2 8 21
2 9 33
2 10 24
3 4 24
3 5 34
3 6 27
3 7 32
3 8 38
3 9 33
3 10 38
4 5 26
4 6 33
4 7 26
4 8 33
4 9 28
4 10 33
5 6 27
5 7 22
5 8 28
5 9 31
5 10 35
6 7 32
6 8 24
6 9 34
6 10 27
7 8 25
7 9 26
7 10 30
8 9 30
8 10 43
9 10 31
10 45
1 2 29
1 3 30
1 4 26
1 5 29
1 6 29
1 7 31
1 8 25
1 9 32
1 10 26
2 3 27
2 4 24
2 5 33
2 6 28
2 7 35
2 8 37
2 9 33
2 10 32
3 4 32
3 5 21
3 6 34
3 7 40
3 8 31
3 9 34
3 10 32
4 5 30
4 6 21
4 7 29
4 8 25
4 9 35
4 10 31
5 6 31
5 7 39
5 8 28
5 9 32
5 10 30
6 7 22
6 8 30
6 9 33
6 10 36
7 8 27
7 9 27
7 10 35
8 9 32
8 10 33
9 10 30
10 45
1 2 29
1 3 30
1 4 30
1 5 35
1 6 22
1 7 21
1 8 30
1 9 26
1 10 27
2 3 27
2 4 18
2 5 25
2 6 32
2 7 16
2 8 30
2 9 37
2 10 33
3 4 28
3 5 29
3 6 33
3 7 38
3 8 25
3 9 29
3 10 29
4 5 31
4 6 29
4 7 24
4 8 25
4 9 32
4 10 27
5 6 24
5 7 27
5 8 30
5 9 34
5 10 32
6 7 30
6 8 29
6 9 26
6 10 34
7 8 29
7 9 21
7 10 34
8 9 29
8 10 15
9 10 27
10 45
1 2 25
1 3 27
1 4 35
1 5 37
1 6 32
1 7 36
1 8 29
1 9 35
1 10 31
2 3 34
2 4 24
2 5 29
2 6 28
2 7 26
2 8 27
2 9 26
2 10 32
3 4 34
3 5 24
3 6 29
3 7 38
3 8 28
3 9 31
3 10 34
4 5 32
4 6 24
4 7 31
4 8 30
4 9 29
4 10 32
5 6 32
5 7 37
5 8 25
5 9 21
5 10 30
6 7 30
6 8 31
6 9 32
6 10 32
7 8 30
7 9 35
7 10 29
8 9 30
8 10 27
9 10 23
10 45
1 2 27
1 3 29
1 4 26
1 5 37
1 6 32
1 7 32
1 8 27
1 9 27
1 10 29
2 3 21
2 4 25
2 5 27
2 6 30
2 7 30
2 8 25
2 9 29
2 10 34
3 4 25
3 5 24
3 6 32
3 7 39
3 8 24
3 9 30
3 10 37
4 5 25
4 6 27
4 7 34
4 8 33
4 9 32
4 10 34
5 6 32
5 7 28
5 8 33
5 9 23
5 10 25
6 7 27
6 8 24
6 9 32
6 10 30
7 8 28
7 9 31
7 10 26
8 9 31
8 10 33
9 10 31
10 45
1 2 30
1 3 26
1 4 41
1 5 30
1 6 35
1 7 26
1 8 35
1 9 33
1 10 24
2 3 29
2 4 27
2 5 25
2 6 31
2 7 30
2 8 29
2 9 26
2 10 31
3 4 30
3 5 23
3 6 29
3 7 25
3 8 34
3 9 23
3 10 26
4 5 30
4 6 33
4 7 26
4 8 39
4 9 36
4 10 24
5 6 27
5 7 29
5 8 27
5 9 21
5 10 18
6 7 30
6 8 34
6 9 31
6 10 35
7 8 29
7 9 30
7 10 29
8 9 34
8 10 25
9 10 26
10 45
1 2 33
1 3 33
1 4 30
1 5 24
1 6 24
1 7 23
1 8 29
1 9 28
1 10 24
2 3 34
2 4 33
2 5 29
2 6 32
2 7 31
2 8 24
2 9 27
2 10 27
3 4 39
3 5 28
3 6 30
3 7 33
3 8 34
3 9 29
3 10 27
4 5 29
4 6 25
4 7 32
4 8 27
4 9 31
4 10 31
5 6 23
5 7 31
5 8 27
5 9 18
5 10 31
6 7 21
6 8 26
6 9 29
6 10 33
7 8 36
7 9 35
7 10 35
8 9 24
8 10 29
9 10 31
10 45
1 2 38
1 3 29
1 4 32
1 5 33
1 6 24
1 7 25
1 8 35
1 9 33
1 10 22
2 3 34
2 4 37
2 5 25
2 6 28
2 7 30
2 8 22
2 9 30
2 10 28
3 4 37
3 5 36
3 6 28
3 7 22
3 8 35
3 9 27
3 10 23
4 5 26
4 6 29
4 7 35
4 8 34
4 9 26
4 10 31
5 6 24
5 7 36
5 8 24
5 9 32
5 10 27
6 7 27
6 8 20
6 9 36
6 10 29
7 8 34
7 9 36
7 10 38
8 9 26
8 10 24
9 10 28
10 45
1 2 32
1 3 29
1 4 29
1 5 27
1 6 29
1 7 24
1 8 20
1 9 32
1 10 36
2 3 35
2 4 30
2 5 28
2 6 29
2 7 19
2 8 29
2 9 28
2 10 26
3 4 25
3 5 27
3 6 36
3 7 36
3 8 34
3 9 31
3 10 27
4 5 27
4 6 31
4 7 28
4 8 26
4 9 29
4 10 32
5 6 34
5 7 30
5 8 35
5 9 32
5 10 34
6 7 33
6 8 30
6 9 24
6 10 26
7 8 29
7 9 33
7 10 30
8 9 34
8 10 33
9 10 29
10 45
1 2 27
1 3 23
1 4 23
1 5 31
1 6 29
1 7 31
1 8 32
1 9 33
1 10 34
2 3 34
2 4 23
2 5 30
2 6 31
2 7 38
2 8 26
2 9 35
2 10 29
3 4 31
3 5 34
3 6 26
3 7 30
3 8 27
3 9 34
3 10 25
4 5 31
4 6 33
4 7 30
4 8 34
4 9 25
4 10 20
5 6 36
5 7 35
5 8 27
5 9 29
5 10 22
6 7 26
6 8 27
6 9 32
6 10 27
7 8 34
7 9 44
7 10 29
8 9 26
8 10 28
9 10 29
0
