7 12
1 2 10
2 3 10
1 3 10
3 4 9
1 4 11
4 5 6
1 5 9
5 6 10
1 6 8
6 7 9
1 7 5
2 7 7
7 12
1 2 8
2 3 10
1 3 13
3 4 9
1 4 6
4 5 8
1 5 9
5 6 11
1 6 6
6 7 9
1 7 12
2 7 11
7 12
1 2 9
2 3 13
1 3 8
3 4 9
1 4 9
4 5 9
1 5 8
5 6 11
1 6 11
6 7 12
1 7 9
2 7 11
7 12
1 2 7
2 3 12
1 3 9
3 4 9
1 4 7
4 5 12
1 5 11
5 6 10
1 6 7
6 7 5
1 7 13
2 7 8
7 12
1 2 11
2 3 8
1 3 11
3 4 13
1 4 11
4 5 10
1 5 11
5 6 9
1 6 10
6 7 7
1 7 10
2 7 9
7 12
1 2 8
2 3 8
1 3 7
3 4 10
1 4 12
4 5 8
1 5 11
5 6 10
1 6 11
6 7 10
1 7 9
2 7 9
7 12
1 2 12
2 3 6
1 3 9
3 4 11
1 4 11
4 5 9
1 5 14
5 6 12
1 6 12
6 7 9
1 7 8
2 7 11
7 12
1 2 9
2 3 10
1 3 9
3 4 10
1 4 9
4 5 7
1 5 10
5 6 8
1 6 10
6 7 10
1 7 10
2 7 9
7 12
1 2 8
2 3 11
1 3 7
3 4 7
1 4 12
4 5 11
1 5 9
5 6 11
1 6 9
6 7 11
1 7 4
2 7 7
7 12
1 2 11
2 3 11
1 3 6
3 4 8
1 4 5
4 5 6
1 5 10
5 6 10
1 6 8
6 7 8
1 7 10
2 7 7
7 12
1 2 9
2 3 8
1 3 10
3 4 12
1 4 9
4 5 8
1 5 8
5 6 9
1 6 7
6 7 11
1 7 9
2 7 13
7 12
1 2 12
2 3 10
1 3 10
3 4 9
1 4 9
4 5 14
1 5 10
5 6 9
1 6 11
6 7 8
1 7 12
2 7 7
7 12
1 2 12
2 3 8
1 3 10
3 4 9
1 4 7
4 5 12
1 5 9
5 6 10
1 6 11
6 7 11
1 7 11
2 7 11
7 12
1 2 7
2 3 11
1 3 5
3 4 7
1 4 11
4 5 5
1 5 10
5 6 5
1 6 15
6 7 9
1 7 7
2 7 9
7 12
1 2 12
2 3 10
1 3 9
3 4 4
1 4 13
4 5 11
1 5 10
5 6 15
1 6 10
6 7 7
1 7 10
2 7 8
7 12
1 2 10
2 3 11
1 3 9
3 4 8
1 4 11
4 5 12
1 5 7
5 6 14
1 6 9
6 7 10
1 7 9
2 7 10
7 12
1 2 11
2 3 11
1 3 12
3 4 12
1 4 10
4 5 11
1 5 10
5 6 11
1 6 8
6 7 11
1 7 7
2 7 8
7 12
1 2 8
2 3 10
1 3 12
3 4 9
1 4 9
4 5 12
1 5 8
5 6 9
1 6 11
6 7 8
1 7 11
2 7 8
7 12
1 2 7
2 3 6
1 3 10
3 4 10
1 4 7
4 5 11
1 5 6
5 6 9
1 6 8
6 7 12
1 7 8
2 7 11
7 12
1 2 8
2 3 9
1 3 7
3 4 11
1 4 11
4 5 11
1 5 12
5 6 9
1 6 10
6 7 7
1 7 7
2 7 10
7 12
1 2 8
2 3 8
1 3 8
3 4 7
1 4 8
4 5 9
1 5 12
5 6 9
1 6 14
6 7 9
1 7 11
2 7 9
7 12
1 2 10
2 3 10
1 3 12
3 4 9
1 4 10
4 5 8
1 5 10
5 6 12
1 6 9
6 7 10
1 7 8
2 7 15
7 12
1 2 8
2 3 7
1 3 8
3 4 5
1 4 11
4 5 12
1 5 11
5 6 11
1 6 8
6 7 8
1 7 13
2 7 10
7 12
1 2 6
2 3 7
1 3 11
3 4 10
1 4 10
4 5 9
1 5 9
5 6 7
1 6 8
6 7 5
1 7 11
2 7 7
7 12
1 2 9
2 3 9
1 3 8
3 4 9
1 4 9
4 5 10
1 5 5
5 6 8
1 6 5
6 7 10
1 7 9
2 7 5
7 12
1 2 8
2 3 9
1 3 8
3 4 7
1 4 12
4 5 11
1 5 10
5 6 6
1 6 12
6 7 10
1 7 10
2 7 12
7 12
1 2 10
2 3 9
1 3 10
3 4 10
1 4 9
4 5 10
1 5 11
5 6 10
1 6 7
6 7 7
1 7 9
2 7 8
7 12
1 2 8
2 3 8
1 3 10
3 4 9
1 4 8
4 5 6
1 5 10
5 6 9
1 6 10
6 7 8
1 7 10
2 7 5
7 12
1 2 14
2 3 7
1 3 10
3 4 7
1 4 8
4 5 8
1 5 8
5 6 8
1 6 9
6 7 13
1 7 10
2 7 9
7 12
1 2 8
2 3 8
1 3 8
3 4 12
1 4 13
4 5 13
1 5 9
5 6 7
1 6 8
6 7 9
1 7 8
2 7 9
7 12
1 2 6
2 3 10
1 3 12
3 4 8
1 4 12
4 5 11
1 5 7
5 6 10
1 6 5
6 7 10
1 7 11
2 7 8
7 12
1 2 7
2 3 9
1 3 11
3 4 8
1 4 9
4 5 9
1 5 10
5 6 11
1 6 10
6 7 8
1 7 7
2 7 8
0
