20
33
27 20
45 28 22
26 27 42 29
28 26 28 38 24
30 32 25 23 27 35
33 23 20 24 19 31 25
36 36 37 34 39 21 27 32
25 30 25 22 27 27 34 36 30
35 19 25 27 27 32 39 24 32 17
24 27 29 25 31 26 22 25 26 34 29
32 32 28 33 33 23 28 31 34 22 28 34
18 32 28 35 38 21 31 35 24 23 37 35 36
37 31 22 26 23 32 28 24 30 32 29 34 30 32
28 29 30 34 26 34 31 40 16 23 36 25 36 37 31
24 24 28 23 29 24 24 30 29 31 27 19 26 36 24 29
33 17 34 33 31 33 31 29 38 23 28 35 29 28 26 38 32
40 27 33 34 31 32 22 32 33 23 31 39 28 31 25 26 27 29
29 27 21 28 35 35 24 23 34 35 27 28 27 40 34 31 32 26 33
23 26 31 34 30 30 34 25 37 21 27 32 22 35 33 28 24 36 29 30
20
29
35 27
28 28 25
31 29 31 24
25 22 30 31 30
25 30 27 35 30 39
28 36 22 30 30 37 41
28 29 35 14 33 30 33 39
25 29 22 18 29 29 31 30 29
29 29 22 35 27 28 39 31 27 32
29 37 29 31 31 24 27 24 27 31 27
37 31 27 27 22 30 33 28 30 35 29 30
37 33 32 29 28 36 19 28 32 24 30 31 26
37 33 22 32 29 26 36 29 32 33 26 21 27 32
20 30 24 30 22 34 37 37 28 39 33 30 33 34 24
32 47 21 23 33 42 32 33 23 31 22 27 37 36 28 25
31 34 24 20 21 21 35 25 26 31 32 42 34 38 32 33 33
23 32 29 31 24 36 32 28 31 30 28 32 32 34 27 42 32 42
29 31 28 23 26 22 20 26 32 30 33 37 30 30 24 27 30 35 29
27 27 38 26 27 35 25 31 30 32 40 24 29 28 32 17 24 31 33 34
20
32
31 35
27 30 27
34 37 35 22
31 28 33 33 27
20 31 26 28 30 36
35 27 42 36 25 22 31
24 26 32 33 27 30 33 29
28 24 30 38 26 33 25 30 31
29 33 34 23 27 24 37 24 32 34
28 28 34 21 21 35 28 26 22 40 34
28 35 36 30 23 28 19 34 23 35 26 37
26 31 29 29 28 29 31 27 31 37 34 33 26
24 28 27 29 24 32 24 26 27 36 29 26 24 28
39 36 28 33 30 35 19 33 35 27 22 27 36 26 26
25 22 36 30 31 30 24 21 29 29 33 28 30 28 27 27
32 30 33 29 26 32 26 26 31 32 37 35 31 35 34 24 28
22 38 23 30 33 30 27 32 32 38 23 32 26 21 38 32 35 24
32 29 26 33 27 36 39 32 35 28 24 29 25 32 28 36 35 36 32
31 27 24 28 33 14 26 32 22 29 34 22 27 30 35 24 34 30 39 30
20
26
34 30
22 29 27
35 29 30 28
28 28 34 26 33
23 27 25 25 28 34
25 28 29 32 23 29 36
21 36 29 26 36 32 33 25
38 20 24 35 31 28 37 36 26
37 32 33 22 31 28 32 34 27 29
26 26 29 32 32 32 38 32 36 34 18
34 31 31 21 29 31 25 21 31 33 31 30
36 29 32 34 26 35 30 30 31 27 23 30 29
34 37 26 26 35 31 30 33 34 22 29 35 32 25
31 31 31 31 20 31 28 25 24 31 30 32 34 22 22
23 29 29 23 25 35 16 33 22 35 45 24 31 27 30 26
27 31 29 28 27 35 24 36 37 35 31 28 30 25 36 29 28
39 28 26 29 32 20 32 21 34 35 24 26 28 34 29 27 24 32
20 22 32 30 29 26 37 26 20 28 28 26 27 31 33 27 41 27 31
30 29 26 30 32 29 21 20 31 24 31 31 24 34 27 22 34 31 28 28
20
31
29 26
34 26 28
26 22 25 38
33 34 29 26 29
25 28 28 34 29 25
28 28 23 34 27 28 34
26 24 27 31 28 32 31 34
29 31 25 37 27 28 33 23 36
35 25 32 30 26 29 26 20 23 21
17 25 33 32 37 33 36 31 34 28 28
35 32 32 25 35 36 33 28 40 18 31 30
29 34 30 31 21 35 32 25 31 32 33 33 20
20 24 28 32 33 27 25 25 34 29 25 29 29 26
25 29 32 33 34 25 29 33 35 24 35 26 23 37 27
30 29 32 33 37 27 33 28 19 29 19 25 30 34 32 24
26 33 27 34 30 26 18 35 32 32 33 32 19 28 30 25 33
31 28 25 27 34 32 30 23 21 23 24 28 30 29 30 21 29 24
30 31 34 32 34 31 36 29 26 28 23 34 44 27 26 27 33 31 26
32 33 26 36 27 25 25 23 27 29 34 30 24 35 30 28 22 26 26 32
20
34
31 28
27 34 29
30 32 25 36
31 44 34 24 31
28 30 35 29 33 31
23 27 39 24 24 26 35
29 27 25 35 36 20 27 28
17 31 23 24 29 26 30 23 39
27 24 24 22 25 21 28 34 36 28
27 28 30 27 27 32 34 34 22 27 22
31 33 27 39 30 21 30 34 33 24 30 28
39 37 24 24 31 34 29 34 30 29 38 30 31
34 30 27 42 34 25 26 22 29 32 38 22 24 23
21 33 32 21 30 31 30 28 32 35 29 23 32 26 33
25 23 27 27 25 30 24 29 33 33 28 29 23 29 33 22
31 33 33 31 33 23 37 23 31 31 36 24 33 23 27 37 27
27 33 39 32 26 26 30 26 32 34 33 25 35 29 31 27 30 25
22 25 27 25 35 21 36 34 33 25 25 27 26 19 31 39 33 32 26
24 29 31 31 35 36 28 28 18 30 33 39 30 26 25 36 39 31 34 29
20
24
30 24
26 27 37
26 23 26 31
34 25 23 28 33
25 24 27 25 27 25
22 28 32 25 23 38 28
34 32 27 25 26 27 17 30
28 32 23 23 32 28 29 23 26
27 27 30 30 34 27 30 22 30 24
37 33 30 30 24 35 31 22 27 24 19
27 41 29 41 30 27 27 30 38 31 32 21
35 23 41 26 22 26 33 32 35 31 25 35 28
39 27 30 31 29 30 33 27 34 34 27 33 28 25
28 20 32 31 31 33 27 29 29 43 33 32 27 35 25
30 23 32 38 34 36 33 28 36 28 30 33 26 29 28 36
31 28 32 23 25 28 21 27 29 21 23 25 31 33 34 34 23
34 31 29 30 29 31 24 36 29 30 31 34 29 30 39 23 34 24
32 29 24 28 32 26 34 36 17 25 32 37 34 24 27 26 34 32 27
25 31 30 33 25 30 36 31 37 24 33 35 38 30 33 35 27 23 31 38
20
28
37 29
36 27 21
25 32 29 25
17 19 21 32 35
25 28 29 27 29 24
22 24 24 21 34 31 28
32 27 29 33 30 30 21 23
26 32 24 28 24 23 37 32 33
36 31 19 30 33 25 33 31 31 25
25 28 32 31 26 28 33 31 28 26 30
33 29 23 27 25 22 38 29 28 26 30 24
26 36 33 38 30 31 34 31 30 30 24 29 29
35 32 27 33 26 28 33 25 28 21 28 40 34 23
22 31 25 22 35 24 36 37 25 31 28 27 29 30 28
35 37 36 34 32 27 29 23 27 26 19 34 22 18 22 36
20 27 28 29 35 30 23 28 28 26 23 42 22 45 34 30 23
28 32 25 25 25 20 30 33 31 31 31 35 27 34 27 35 26 22
27 35 26 28 23 19 31 32 30 27 29 29 19 33 29 27 31 28 31
28 29 37 29 28 35 33 42 28 29 25 25 26 27 26 40 31 31 34 23
20
26
36 31
25 36 28
18 27 23 33
24 24 27 30 26
29 25 30 27 30 30
29 31 28 26 27 36 30
34 25 32 23 20 30 31 27
22 19 38 26 37 27 23 38 35
29 27 34 27 26 31 29 29 26 24
26 35 31 38 32 28 29 29 21 35 24
29 40 27 31 22 25 28 29 23 24 24 26
34 33 22 36 14 34 24 26 27 27 34 31 33
34 31 33 26 27 28 27 37 27 37 30 38 32 26
27 33 25 34 29 36 22 29 22 18 33 33 28 31 29
32 26 35 31 35 26 25 21 35 24 38 36 33 31 20 28
32 26 26 33 32 37 23 28 24 25 31 38 37 34 28 34 33
37 31 34 40 28 33 40 25 30 40 41 30 32 26 30 30 27 25
28 27 31 35 24 26 23 30 28 21 33 16 29 34 34 20 29 30 33
26 36 39 32 35 30 38 29 27 30 30 25 30 38 28 29 24 20 33 36
20
26
29 31
39 25 18
29 30 25 35
22 27 29 38 25
31 31 36 29 27 35
21 34 34 39 39 28 32
23 35 30 32 29 18 23 35
27 30 29 33 35 34 31 37 25
24 34 20 31 29 26 24 30 25 25
32 34 33 31 29 33 22 29 37 27 30
37 33 22 32 41 42 38 31 35 34 30 31
29 30 33 29 17 27 23 32 35 27 37 36 33
28 24 35 24 33 26 26 37 35 33 34 33 26 41
34 29 30 33 34 31 34 31 33 27 32 23 36 29 25
26 30 33 34 22 31 22 32 24 33 33 22 38 26 29 37
25 28 28 25 30 28 25 33 22 30 27 32 26 34 25 26 25
35 28 39 34 28 32 31 31 34 23 17 34 24 27 33 31 25 31
33 28 32 31 40 31 28 43 27 29 28 23 35 31 35 37 31 28 32
27 33 32 22 28 25 27 31 33 32 16 38 38 23 26 28 31 31 30 36
20
25
29 33
34 31 27
23 32 32 31
40 27 37 37 30
28 38 31 18 25 27
35 34 27 32 39 30 30
30 35 38 28 27 19 30 36
27 32 35 31 29 30 16 32 26
29 41 35 30 30 22 24 37 33 26
30 33 31 23 34 30 27 31 35 34 35
25 30 33 26 25 27 36 27 20 29 28 34
34 30 25 30 32 31 32 30 22 20 27 26 32
23 29 40 34 23 34 28 32 29 32 27 30 27 20
34 33 24 29 30 20 30 27 29 24 26 22 26 32 34
25 28 27 20 30 29 31 25 31 34 28 25 27 25 24 28
34 30 24 28 32 37 27 32 31 35 31 28 34 25 23 33 33
27 26 43 37 30 36 20 29 24 27 27 26 26 35 31 27 26 26
28 29 31 19 30 23 33 29 23 31 27 28 28 33 36 27 23 29 29
35 24 34 27 30 29 28 33 30 33 27 37 25 24 30 30 26 28 27 31
20
35
35 30
28 33 38
25 28 27 27
28 36 24 27 31
28 29 37 34 34 30
26 28 28 29 37 22 24
18 22 25 29 31 40 28 26
36 29 35 32 32 23 25 34 26
31 33 15 33 31 34 26 28 31 39
26 30 21 26 35 28 39 24 30 24 24
30 25 28 30 32 27 22 22 32 31 28 39
35 30 30 26 22 27 25 32 32 30 26 27 27
31 24 35 29 31 29 30 19 19 28 27 24 29 35
32 24 29 36 28 26 25 22 28 31 17 28 29 37 31
26 31 37 33 30 25 19 37 24 26 31 31 19 32 27 34
29 29 35 30 35 35 28 23 37 28 22 28 29 38 42 20 39
35 21 26 28 33 32 31 28 41 30 28 27 25 36 32 37 29 23
33 20 19 31 29 21 30 29 27 25 31 36 30 33 30 28 26 34 33
30 39 29 23 29 32 29 21 30 35 36 17 37 33 37 27 28 36 28 29
20
38
30 36
20 36 28
36 24 28 24
25 28 20 26 24
17 32 31 29 34 29
30 25 37 30 28 30 22
39 26 32 29 28 32 41 39
31 33 26 32 28 27 31 37 32
32 35 30 33 26 23 21 29 20 37
29 29 27 20 30 29 36 39 34 28 30
32 36 37 30 23 30 33 24 24 33 33 23
35 27 34 26 37 33 32 28 22 32 25 30 26
29 30 27 31 32 19 27 35 19 29 22 24 22 37
25 32 28 38 23 31 31 44 29 37 36 31 30 24 30
29 26 28 25 18 32 35 22 23 29 31 31 31 34 21 25
35 24 23 24 29 24 40 30 36 23 22 31 31 29 35 28 30
30 37 18 35 25 28 23 31 33 24 31 30 28 34 28 23 32 28
20 30 30 33 26 29 25 22 34 34 21 33 28 29 37 22 22 32 35
32 22 17 36 29 31 30 30 23 31 36 26 32 28 33 17 29 31 40 28
20
23
31 24
32 32 40
26 16 27 42
31 37 38 31 32
29 34 31 33 29 29
34 33 31 27 27 33 31
30 26 33 31 31 33 37 31
24 31 42 35 37 28 28 34 34
34 29 28 25 26 24 38 26 23 27
38 39 30 41 30 28 29 33 29 28 32
26 28 25 33 36 33 27 26 28 28 39 32
25 26 25 27 33 26 37 38 30 23 25 41 35
31 24 37 30 37 27 30 37 33 19 28 34 21 30
26 28 33 25 30 29 25 26 27 21 38 27 36 28 35
29 28 33 31 29 33 29 35 23 31 33 27 27 28 28 31
28 38 27 30 34 33 38 30 28 35 32 26 23 21 28 24 29
25 38 24 18 29 31 32 27 25 27 36 32 34 21 33 19 33 32
33 26 25 29 26 33 26 33 22 42 27 40 33 38 21 34 27 39 31
34 39 24 25 32 24 21 33 35 29 27 34 42 32 27 25 36 20 22 34
20
31
30 36
33 28 29
33 31 31 23
40 35 33 25 35
30 30 34 23 29 29
34 36 34 41 29 29 23
26 29 31 23 27 19 30 35
30 34 27 31 30 29 36 25 29
28 35 28 33 29 32 31 31 22 33
23 30 34 22 34 29 25 26 31 30 32
28 19 25 35 41 25 30 18 35 28 31 30
25 30 34 30 19 37 31 30 31 39 37 32 34
29 31 32 38 37 32 21 33 33 33 37 29 23 24
23 28 34 30 37 30 33 40 22 31 26 31 21 33 27
28 31 32 30 31 34 21 24 30 26 36 29 38 35 30 36
25 31 24 27 29 37 33 29 29 42 22 36 25 21 33 31 26
24 28 26 22 14 33 35 23 28 38 31 39 35 29 29 34 45 27
25 35 27 20 30 27 31 29 31 30 29 23 26 37 41 18 24 34 34
35 32 37 34 21 30 33 33 26 25 32 29 31 34 22 28 30 33 32 28
20
32
27 29
30 27 36
27 32 28 41
30 38 31 36 26
23 30 34 30 30 29
31 24 31 24 24 26 35
24 32 30 33 24 33 38 38
29 30 32 40 34 16 30 34 34
29 24 30 28 31 24 31 23 27 29
26 25 29 27 31 31 32 29 43 31 29
26 30 34 43 30 30 29 29 32 34 34 26
30 37 24 32 30 26 40 24 29 30 21 30 23
38 24 22 29 36 29 18 25 31 31 39 31 37 29
30 34 32 27 30 26 31 18 28 20 26 35 27 33 21
33 22 37 24 32 25 28 25 32 30 25 33 29 31 39 20
38 23 30 25 29 31 31 25 29 35 38 34 27 39 26 25 26
22 34 27 32 33 34 31 24 25 37 37 30 30 30 35 29 28 35
19 28 27 29 20 31 33 34 32 34 27 37 27 25 18 27 21 32 36
16 32 25 30 27 35 23 27 26 25 27 34 27 34 29 38 35 40 26 33
20
32
33 26
24 21 34
33 29 21 19
26 32 35 24 24
29 33 26 20 33 30
30 21 31 26 32 27 37
32 29 34 34 30 33 25 32
24 30 37 39 32 25 30 28 29
32 26 33 29 22 29 39 28 29 30
32 31 29 25 32 31 28 25 29 37 16
36 20 26 31 18 24 37 35 29 27 34 33
25 33 31 43 30 24 33 32 32 24 34 25 19
32 30 25 26 36 20 28 42 27 31 34 27 30 28
31 32 39 26 24 34 26 21 28 24 36 29 28 23 21
31 31 27 31 33 25 24 28 37 21 35 27 27 39 34 22
28 23 25 24 38 31 34 26 23 32 30 19 28 26 27 36 27
26 39 29 27 28 33 37 37 26 25 39 23 24 30 33 35 28 29
36 21 27 22 27 27 29 29 24 26 36 37 42 40 27 39 24 29 36
32 23 30 26 34 27 42 32 23 33 32 21 25 33 30 34 31 32 33 27
20
28
30 36
27 30 30
28 36 27 26
28 28 30 24 41
28 34 32 27 33 24
29 23 29 26 32 21 28
42 36 27 35 29 28 28 35
29 32 26 27 23 36 34 21 29
29 30 29 36 35 28 22 33 21 30
26 21 26 38 34 35 23 22 31 29 26
30 29 21 42 28 31 31 32 38 29 21 27
31 31 36 23 33 31 36 30 26 29 19 25 24
25 29 27 33 27 23 34 17 38 31 28 32 27 28
32 28 27 36 27 23 32 32 29 35 28 36 26 37 32
23 30 29 21 33 22 19 44 23 33 21 29 39 29 32 25
35 25 39 30 29 26 33 34 29 27 33 30 25 26 30 24 35
34 31 28 31 27 28 36 25 34 20 35 28 20 23 23 25 28 36
31 32 24 31 24 27 33 24 31 32 27 34 28 29 28 30 27 32 25
34 32 36 32 30 24 34 30 31 27 34 34 28 28 27 28 39 30 28 36
20
20
23 31
30 34 38
31 25 23 30
28 28 28 34 30
18 34 32 31 31 34
39 28 22 29 34 38 32
32 35 31 20 32 24 37 41
33 25 31 33 26 29 41 27 31
32 38 34 19 33 30 22 21 24 33
30 29 32 26 31 26 30 33 29 26 29
34 29 39 41 13 21 25 40 24 30 30 27
35 22 34 28 32 35 32 23 35 29 32 32 32
39 32 29 29 26 30 30 25 32 37 26 36 28 31
32 27 39 25 38 35 29 26 27 33 28 27 33 25 27
27 24 24 36 35 31 26 26 26 33 39 34 27 33 26 23
28 29 27 26 34 34 25 30 25 31 31 26 18 30 29 29 27
25 30 36 27 27 24 34 35 22 30 33 34 36 24 23 38 33 29
39 29 35 26 37 44 30 31 34 29 32 27 33 26 24 33 33 28 37
25 31 26 21 24 36 28 26 25 25 28 31 29 40 30 25 24 29 21 27
20
26
25 28
35 32 27
33 27 30 30
21 29 34 29 35
24 25 34 24 18 36
29 27 26 31 36 30 28
40 30 30 31 26 26 29 36
31 28 27 35 34 31 31 27 35
29 38 31 38 29 26 30 29 30 29
31 39 27 34 26 29 30 33 37 33 24
28 34 24 27 30 34 29 30 27 29 24 36
34 34 28 24 22 36 22 24 23 33 28 28 27
11 29 32 31 28 32 29 32 27 37 30 26 31 32
37 33 27 27 31 27 23 38 28 21 21 34 28 27 29
32 30 37 28 32 32 36 29 29 27 40 40 29 15 27 26
30 30 23 32 30 20 32 31 31 30 37 31 29 35 32 37 36
30 32 28 29 29 27 28 30 34 25 32 26 26 38 26 30 31 35
31 29 23 24 32 30 36 30 29 27 34 28 22 30 30 32 26 36 26
32 33 26 25 23 27 32 38 16 25 30 38 27 34 36 21 23 29 23 35
20
38
27 30
30 37 24
24 25 30 31
28 25 23 29 37
29 25 20 30 31 33
25 32 31 21 39 33 27
29 36 28 28 39 32 30 32
39 36 21 26 25 30 32 41 29
26 29 33 27 27 31 32 23 28 35
30 18 33 33 34 32 27 30 38 34 27
29 22 34 40 35 23 29 29 31 25 30 27
29 24 28 36 31 36 27 32 32 33 20 34 30
25 23 36 33 30 38 33 27 37 33 34 32 39 31
33 29 24 27 30 29 27 32 43 26 24 34 25 23 27
29 19 27 30 31 31 29 27 36 39 27 32 22 34 17 28
32 32 35 32 44 19 27 25 28 28 28 33 30 28 28 27 28
21 33 28 36 31 25 23 44 34 25 29 35 32 28 26 32 34 24
26 32 35 26 32 29 32 31 36 30 33 35 29 28 22 40 38 33 39
24 34 25 23 28 29 39 35 47 34 23 28 23 35 26 28 16 26 23 30
20
33
28 20
25 30 27
33 30 33 33
25 32 33 26 28
22 23 33 30 27 33
36 30 36 29 32 31 25
27 30 31 22 26 38 37 31
34 37 30 17 24 32 28 27 23
38 32 23 40 21 32 38 32 33 26
27 20 37 31 22 31 26 29 26 27 37
34 30 29 25 23 28 33 32 27 35 31 15
30 25 27 36 30 33 40 26 31 21 33 28 31
31 19 30 30 27 29 21 31 32 27 26 33 25 37
22 18 43 29 21 19 27 32 30 31 29 35 22 28 34
35 26 29 28 30 33 28 31 31 30 24 32 28 34 27 27
32 28 24 30 26 27 37 32 27 27 27 24 34 25 26 24 31
26 30 28 28 32 32 32 31 21 34 32 35 31 34 23 26 35 24
21 24 17 33 26 35 27 20 28 39 36 32 41 29 35 31 31 44 35
35 34 31 31 33 30 34 22 32 25 39 32 29 31 26 32 41 33 31 31
20
16
37 40
22 27 32
27 28 21 32
25 28 26 31 37
36 31 25 32 26 31
32 28 37 33 33 30 29
30 22 28 31 32 30 37 40
27 33 25 37 30 35 34 31 33
23 32 34 32 30 27 31 32 32 19
31 29 36 25 28 28 28 28 26 35 34
33 30 19 26 31 33 24 35 30 37 21 36
30 30 34 32 30 30 37 28 26 34 35 36 28
29 20 32 35 32 34 24 31 40 27 38 26 26 30
28 29 24 37 26 23 34 26 29 26 21 24 31 25 30
25 35 27 36 37 27 29 26 34 28 34 30 31 19 27 30
44 30 29 22 27 26 33 23 32 26 31 38 34 31 35 20 27
31 41 35 34 29 37 41 32 34 19 33 38 30 22 32 40 25 31
38 28 26 29 32 26 26 35 34 26 30 32 28 35 34 34 25 27 31
29 38 17 24 30 18 30 30 18 30 31 38 32 34 32 24 29 28 26 28
20
26
28 21
31 24 24
28 36 28 27
27 33 31 32 24
19 26 31 28 20 33
28 33 26 25 31 17 29
20 39 32 29 27 30 33 29
25 33 33 45 24 32 42 34 22
31 31 27 32 37 35 35 27 33 27
30 34 27 26 27 34 37 24 24 27 34
31 22 27 35 33 29 39 28 30 33 32 30
31 29 28 20 30 32 30 32 31 39 31 26 22
41 31 34 30 34 25 33 28 37 35 30 37 26 29
34 33 27 32 41 23 30 34 37 26 31 31 38 26 36
40 28 26 29 14 37 18 29 31 30 29 29 23 24 27 32
21 25 28 29 30 29 30 27 30 27 29 32 39 27 35 36 37
23 28 26 25 29 27 35 25 29 30 26 33 27 31 23 31 25 29
32 30 34 24 30 28 34 25 30 35 33 29 31 41 29 31 38 25 30
39 25 27 33 32 27 28 21 30 21 32 25 32 31 27 30 24 34 29 36
20
28
29 32
29 33 24
32 37 27 22
27 36 29 33 19
23 33 35 28 32 40
33 33 23 26 35 26 30
29 27 29 31 26 27 27 32
26 25 20 25 31 26 28 29 22
25 26 30 32 37 45 27 38 33 33
29 30 28 23 34 36 34 29 36 31 36
29 31 30 20 34 36 27 30 25 27 34 31
36 24 23 27 25 29 35 39 29 27 37 30 28
29 32 28 24 26 27 34 32 39 32 27 24 33 19
25 25 31 31 33 36 25 23 38 31 38 25 32 25 29
35 27 30 21 35 31 34 27 24 21 38 28 28 33 29 23
31 25 28 27 26 26 36 31 31 29 23 25 38 33 34 34 31
34 35 30 35 39 39 29 42 31 29 31 18 31 30 25 23 26 34
39 31 32 27 35 35 34 38 32 31 22 39 31 35 26 20 32 18 21
32 27 40 26 33 31 35 32 18 26 25 19 29 20 21 27 15 26 27 35
20
30
31 32
24 26 35
34 24 21 41
24 38 25 27 17
32 30 20 38 31 23
29 29 27 25 33 29 26
28 27 33 26 32 26 29 35
32 28 22 36 35 20 30 42 27
29 29 25 33 19 22 30 33 26 36
24 39 30 26 32 28 41 24 29 26 36
30 29 23 30 26 23 22 22 34 25 42 27
30 22 29 31 29 24 29 29 36 26 29 30 28
28 30 31 31 27 28 38 31 29 20 37 33 33 26
34 34 34 33 40 30 34 32 44 21 34 26 23 26 21
26 17 28 32 31 27 33 34 25 25 35 29 26 27 18 34
29 27 26 27 25 37 18 26 30 28 25 20 22 27 25 34 35
38 33 18 27 39 32 18 27 35 30 40 30 30 36 32 33 27 21
22 30 29 35 36 19 30 24 34 35 29 34 24 22 26 29 32 31 27
32 27 34 29 33 34 31 29 33 28 35 36 31 36 33 37 28 34 34 33
20
30
28 31
27 31 39
27 29 24 25
33 24 26 19 30
30 35 31 30 29 30
28 34 21 30 34 29 37
28 29 34 21 31 24 32 29
40 26 26 31 31 30 32 21 31
32 32 31 35 26 23 35 29 32 27
31 25 25 20 25 30 28 35 35 23 24
27 33 29 29 39 27 27 14 20 28 29 27
27 23 25 40 32 42 34 32 27 27 31 20 29
34 30 30 28 36 34 25 27 26 29 35 24 31 33
35 25 34 25 33 30 35 35 34 35 27 24 31 40 26
23 32 31 26 31 36 31 36 31 34 32 27 35 38 33 25
24 31 31 30 39 32 37 23 27 31 27 25 31 28 33 24 33
22 36 38 22 30 34 36 34 30 23 30 31 30 35 27 34 26 37
28 29 31 20 37 24 22 21 27 31 27 37 35 32 31 41 31 24 28
31 42 33 28 33 30 37 26 31 32 31 29 36 34 30 21 30 34 32 38
20
38
26 31
24 28 31
36 31 33 43
27 24 27 28 29
27 17 32 28 29 26
28 33 30 38 29 26 31
27 25 27 28 29 28 31 34
31 28 32 35 35 34 28 32 25
22 25 31 34 22 32 35 33 34 30
27 25 33 41 35 27 28 37 25 23 35
26 32 33 16 35 23 36 24 23 32 27 30
28 24 36 26 25 25 47 26 34 31 37 32 36
20 24 33 30 30 35 34 31 32 31 33 39 28 23
32 31 17 27 29 24 22 32 35 34 40 31 33 30 37
23 33 30 25 28 25 35 31 34 31 28 25 28 28 26 26
22 34 15 30 31 26 28 26 29 34 31 35 30 23 22 34 34
22 31 23 36 39 32 31 25 30 23 26 33 35 31 31 31 39 19
23 25 24 29 32 26 27 36 32 26 30 29 38 29 28 29 22 27 36
31 31 29 37 26 32 31 33 29 35 31 23 35 41 27 21 27 25 26 23
20
28
27 31
30 36 37
28 30 30 26
31 36 26 37 31
38 32 30 29 20 23
38 36 30 30 29 32 26
26 28 28 24 28 35 29 34
38 29 30 31 25 25 29 36 35
30 25 38 35 26 39 30 33 33 20
28 32 38 26 24 34 39 32 38 27 38
29 26 30 38 22 33 39 32 32 33 25 38
32 30 31 38 20 23 36 29 24 32 27 27 28
28 30 18 25 34 34 26 29 24 31 21 27 30 29
30 36 29 30 26 30 22 27 32 34 39 28 31 23 37
39 34 33 29 36 43 29 35 31 36 30 30 25 33 17 25
31 28 25 25 33 31 36 27 33 25 25 23 34 37 30 26 36
34 28 33 28 23 29 27 32 25 27 37 32 28 31 34 19 27 30
26 25 31 27 37 22 18 29 27 25 23 48 24 31 23 33 24 27 39
29 31 26 25 32 32 35 27 26 39 34 34 19 32 30 34 31 22 32 30
20
37
33 34
22 34 27
25 31 30 25
22 35 30 28 32
34 36 30 30 29 27
35 35 29 29 27 27 26
35 33 23 29 22 27 32 26
29 38 28 27 31 41 31 27 26
27 28 32 34 34 28 35 33 32 32
23 31 35 30 16 25 26 23 22 28 21
33 39 30 26 19 25 31 38 31 27 28 20
32 35 30 31 24 26 39 33 31 37 28 34 24
23 30 31 38 24 29 29 20 27 34 26 31 24 31
35 34 33 27 17 31 39 31 32 29 17 27 28 33 36
35 16 35 28 32 29 26 25 33 19 30 23 28 38 28 25
32 31 39 28 24 24 38 30 35 26 38 28 33 24 24 28 32
31 18 28 28 26 30 36 27 23 29 30 31 30 33 36 26 29 23
33 25 34 17 24 28 20 35 34 34 28 31 28 31 36 31 24 29 34
33 35 31 29 30 29 40 21 25 44 27 38 24 29 23 24 29 31 23 33
20
30
30 31
35 25 33
33 36 27 30
26 31 26 25 30
27 27 33 33 34 39
29 31 27 28 29 35 28
29 35 38 31 38 33 26 25
28 38 35 23 28 25 25 26 43
32 33 31 33 27 29 34 33 20 28
27 29 31 32 18 34 23 31 17 34 26
30 20 36 29 29 27 31 26 26 28 30 28
32 28 34 29 30 24 25 28 36 35 22 35 29
31 30 34 26 29 28 25 32 29 39 25 29 29 29
34 36 30 29 30 25 38 31 33 30 31 30 34 31 30
26 20 25 32 29 23 33 20 35 33 29 25 28 25 36 33
18 34 26 33 37 34 28 32 23 21 27 34 39 29 25 27 31
30 30 28 31 25 32 29 27 31 37 36 22 23 35 39 26 33 26
30 28 28 32 25 29 28 31 23 26 24 28 26 27 35 32 19 30 38
30 22 27 32 35 26 22 42 23 29 30 41 20 23 30 33 28 22 26 25
20
23
26 25
32 35 35
32 26 23 32
30 33 32 37 37
29 27 25 19 33 32
30 27 32 27 35 30 40
39 23 27 25 35 35 30 27
31 25 20 32 29 32 31 36 39
28 29 21 33 24 35 27 22 35 30
37 23 37 31 35 30 26 21 39 38 28
35 31 40 33 33 34 26 24 23 31 31 32
35 31 29 25 21 32 24 35 26 32 28 31 39
31 33 24 36 30 28 31 27 30 33 25 45 38 41
21 33 31 19 38 32 30 31 39 25 26 21 34 28 23
32 32 25 27 26 28 35 23 34 26 27 35 38 41 31 30
31 36 32 25 40 31 28 22 30 27 32 30 27 31 32 35 35
33 33 27 29 38 24 31 36 19 37 28 33 27 32 39 29 28 28
23 27 26 36 24 37 31 34 30 21 32 30 21 32 21 31 31 28 28
35 20 20 27 33 28 32 25 30 22 34 18 39 30 18 21 33 34 19 26
0 
