20
25
13 20
23 11 24
3 15 8 20
15 20 7 11 10
28 27 12 17 4 18
23 3 15 17 15 27 24
8 16 9 16 3 30 29 13
17 20 1 30 20 5 11 8 15
16 2 2 18 13 10 27 4 3 20
28 20 1 25 24 3 18 9 15 12 2
27 13 6 25 20 4 13 13 9 2 12 7
29 9 5 11 12 17 29 24 28 22 14 23 8
5 13 15 21 19 5 15 3 20 20 21 20 25 2
11 11 19 6 25 27 22 11 17 30 11 3 23 27 23
4 11 23 17 21 28 23 19 21 30 10 4 1 22 28 14
2 27 22 20 28 26 14 7 17 24 4 30 1 30 16 27 7
30 1 2 28 3 22 12 6 14 27 1 22 20 19 29 15 29 30
3 26 18 11 13 3 12 11 23 16 6 4 1 7 8 24 18 10 21
16 19 27 25 14 28 6 6 30 20 18 17 29 13 22 29 7 19 27 29
20
22
19 19
16 11 19
21 7 20 12
22 25 20 14 24
29 13 14 2 2 22
18 3 27 14 30 16 7
10 19 19 9 20 8 24 16
11 29 23 14 28 10 8 19 22
27 13 5 4 28 27 2 12 1 28
27 28 22 21 24 4 25 9 25 4 17
24 28 14 10 10 23 14 14 18 24 11 10
11 2 16 25 25 24 11 30 6 21 10 13 5
29 26 13 4 27 26 1 18 20 6 16 19 8 21
2 2 12 11 16 20 12 26 26 12 11 14 16 23 16
30 10 24 5 18 16 18 10 27 24 24 17 22 21 22 20
9 22 28 5 7 19 22 6 23 2 26 23 8 30 7 26 1
13 2 6 7 22 18 30 12 17 12 29 19 23 8 8 11 14 30
23 13 24 18 16 24 30 19 9 19 3 11 12 5 9 8 7 18 23
22 15 15 12 27 11 11 28 24 19 19 2 13 10 4 15 28 27 6 3
20
13
15 1
16 9 10
7 10 15 18
12 23 29 9 20
7 9 7 22 8 14
8 9 7 25 4 11 13
11 8 26 11 6 14 6 12
9 20 24 29 25 28 10 26 8
1 18 12 28 2 1 28 29 2 30
5 13 18 14 24 14 8 23 28 15 15
22 15 16 28 24 17 18 5 17 24 26 8
9 7 11 4 28 23 9 18 30 28 23 30 2
26 24 25 21 14 21 13 17 22 9 27 6 21 12
17 2 21 24 6 29 28 25 17 2 17 8 11 8 18
5 19 10 1 21 5 25 23 20 3 13 30 15 16 28 26
28 10 5 30 19 18 15 29 13 6 10 28 4 14 28 10 30
26 26 7 16 11 8 25 18 20 11 17 28 29 28 10 7 21 6
21 13 18 21 18 15 23 25 30 12 9 23 12 5 18 29 27 6 12
28 2 28 1 11 24 12 13 1 2 26 27 17 4 25 30 10 11 25 27
20
15
9 20
27 15 28
27 13 5 20
9 28 9 20 27
27 27 3 29 6 16
25 22 3 15 27 25 27
12 28 6 18 26 13 5 15
4 30 16 13 28 9 12 6 1
1 13 8 22 5 16 3 22 3 27
17 27 29 17 9 8 13 4 27 7 7
4 22 26 5 23 19 14 14 13 18 3 13
23 8 19 25 21 28 28 6 25 17 25 15 5
10 10 22 4 1 20 16 16 4 23 8 23 3 27
9 11 30 21 10 22 8 6 26 4 19 2 14 22 3
9 20 7 26 19 24 8 16 8 15 26 24 2 27 17 26
11 25 28 3 12 14 13 23 4 7 8 9 9 30 14 25 18
30 17 11 1 12 20 8 2 17 30 26 15 4 11 19 10 9 24
2 29 7 30 28 28 10 20 18 12 9 6 23 14 16 19 1 14 25
22 24 12 16 13 23 28 23 11 8 26 13 5 17 25 28 24 23 19 15
20
30
14 14
22 17 30
18 2 9 25
11 28 28 11 7
30 28 30 14 2 4
10 1 20 20 12 15 12
17 11 9 30 3 7 5 9
16 10 8 10 5 18 16 8 3
16 20 24 23 5 18 28 26 1 18
4 19 7 7 30 28 25 20 17 26 29
3 5 6 7 16 22 8 15 17 30 3 10
8 6 18 10 11 12 12 25 12 30 8 6 25
21 9 2 7 17 30 13 10 26 2 17 26 19 6
30 20 23 11 26 15 14 7 9 6 18 6 27 18 30
12 2 13 29 5 1 6 12 25 14 7 9 24 12 24 29
27 15 11 30 23 10 2 27 4 5 18 24 24 23 27 29 17
2 12 10 21 5 1 13 26 28 16 20 23 2 14 27 22 26 16
2 5 2 14 13 19 16 24 16 18 6 30 16 30 8 7 30 21 16
16 3 26 28 8 4 17 2 14 10 30 27 3 18 28 17 15 18 21 20
20
25
15 30
14 15 10
9 5 25 11
13 26 28 25 13
28 29 28 6 28 28
26 8 22 3 30 13 8
1 2 15 7 14 21 14 13
7 22 14 10 7 20 19 21 28
28 27 2 12 2 7 15 28 14 26
21 26 3 2 21 17 4 7 26 18 16
4 27 16 29 19 2 10 23 15 19 18 26
17 10 28 15 17 12 26 7 19 24 16 22 25
2 4 9 13 6 4 30 4 12 16 24 17 17 29
25 2 29 14 21 4 12 18 24 3 16 6 5 3 23
19 23 2 26 9 21 4 30 26 3 18 15 13 8 10 30
8 4 25 3 8 10 13 19 24 28 29 7 18 24 11 18 23
28 3 28 15 28 26 26 2 24 29 5 6 5 23 25 5 21 23
30 25 13 1 22 1 6 20 1 25 19 17 13 4 27 16 1 21 6
21 27 30 12 22 3 30 25 26 5 13 28 2 21 7 14 3 11 6 15
20
12
16 6
14 26 16
8 30 29 14
20 1 30 2 22
25 9 22 21 27 29
2 26 19 26 4 20 8
3 3 22 7 11 19 6 14
6 1 12 25 21 27 1 7 5
8 5 12 26 26 15 20 10 11 26
25 5 28 20 29 10 6 28 16 4 28
28 25 21 11 2 13 3 9 6 17 13 3
10 26 4 3 22 4 4 20 3 21 17 25 15
16 27 12 5 5 3 14 29 8 15 1 1 21 22
21 22 9 25 19 16 7 28 16 23 21 4 28 26 9
18 15 23 28 9 6 21 7 30 26 24 8 16 16 21 28
5 30 18 7 22 11 14 17 19 21 22 18 15 6 1 28 10
22 18 28 14 7 28 9 29 23 2 1 14 13 25 14 14 16 20
11 29 4 20 15 19 3 16 24 8 6 17 25 1 25 20 7 9 12
6 2 7 28 1 20 19 22 12 12 18 3 19 12 4 27 28 6 12 2
20
21
29 7
15 5 8
7 26 9 12
24 8 25 9 9
3 3 20 25 7 12
13 24 3 1 19 2 11
3 3 15 30 6 26 8 25
28 2 22 13 11 13 9 28 11
7 14 12 28 23 29 12 10 12 26
25 17 27 26 8 28 6 6 2 9 9
22 11 20 12 7 3 20 19 4 3 7 1
23 10 8 18 23 11 30 30 21 18 14 14 14
6 1 20 12 10 1 7 26 11 21 30 6 10 11
20 17 25 28 21 6 1 10 28 10 8 21 22 25 6
18 9 22 8 30 22 8 7 30 14 5 7 23 26 7 22
20 13 23 1 19 27 13 22 6 16 2 25 4 7 7 21 10
3 1 6 17 6 14 4 27 27 16 23 4 16 12 5 7 27 5
19 8 4 20 18 17 12 27 5 28 7 3 23 20 26 20 11 17 10
7 22 18 15 24 30 6 7 25 22 29 9 27 12 18 4 21 8 6 19
20
27
8 8
30 9 30
24 24 26 11
4 11 19 1 6
28 22 5 29 15 24
6 1 25 11 19 7 30
14 24 14 17 12 3 28 11
13 28 24 14 3 27 11 3 2
22 23 19 14 27 9 7 25 9 22
24 16 11 12 16 10 30 7 3 30 9
21 6 11 4 7 18 6 7 18 2 11 21
4 20 9 25 5 16 2 4 21 7 26 21 28
8 14 13 19 16 4 5 24 26 20 5 15 3 16
1 4 25 16 14 21 16 19 23 13 12 10 15 19 28
16 27 19 6 14 18 25 17 12 30 2 9 2 8 14 24
10 14 25 8 5 10 5 19 12 30 17 20 29 15 25 18 3
2 8 28 3 4 3 22 18 11 5 12 9 17 6 21 13 4 9
12 18 10 21 23 22 18 18 21 27 14 11 22 20 21 27 15 22 5
25 3 10 26 28 18 21 28 4 17 21 16 13 19 28 11 6 24 13 9
20
20
23 27
10 23 29
21 19 20 8
28 22 9 3 7
30 16 28 29 29 18
17 13 3 15 16 15 21
17 7 4 21 17 28 20 7
29 16 6 1 1 28 7 29 2
26 22 13 28 12 14 19 18 3 6
4 18 29 23 21 29 15 24 27 2 26
28 28 2 23 5 11 20 6 18 28 21 4
20 18 5 18 7 24 17 24 25 9 30 13 22
9 16 16 10 20 18 15 9 8 12 28 9 18 2
8 10 15 18 12 16 8 12 9 28 26 15 24 24 6
3 19 20 5 10 6 6 8 16 15 24 24 24 10 11 8
12 18 17 3 1 10 15 22 27 3 3 29 17 9 8 15 12
22 3 15 16 29 2 3 27 15 10 23 14 28 24 15 6 10 16
29 26 13 15 26 30 3 11 22 11 14 24 18 16 22 9 27 24 15
18 21 15 4 14 19 14 12 6 22 29 18 24 27 18 23 9 17 25 5
20
28
13 1
20 15 3
13 4 2 30
7 13 30 20 22
1 6 25 21 10 30
18 7 25 29 8 20 11
6 2 21 11 10 10 20 29
29 6 8 24 26 2 12 10 2
27 1 8 12 19 5 2 9 12 20
9 23 8 15 1 21 19 4 3 22 17
7 21 5 14 4 10 3 8 28 17 26 6
5 18 19 1 26 24 10 5 18 21 10 17 26
8 16 13 29 22 8 29 14 4 14 3 23 7 10
19 25 5 23 29 8 11 27 4 25 28 1 3 15 22
28 22 26 20 8 10 21 27 5 23 20 3 19 27 27 1
8 16 13 26 9 22 17 19 19 15 6 4 13 30 26 17 11
29 29 19 2 2 11 26 27 27 24 17 29 8 10 17 2 13 20
29 19 19 17 11 15 6 11 25 3 18 9 28 14 11 11 26 16 1
19 10 30 17 22 22 6 12 10 18 2 17 4 16 14 22 22 15 19 20
20
9
27 20
1 6 26
10 3 19 21
12 3 28 3 2
20 28 11 25 26 22
2 14 30 18 19 10 6
16 19 5 23 22 19 14 21
25 28 26 24 29 9 3 30 3
1 6 8 16 27 8 29 2 18 18
11 28 23 9 12 13 13 23 20 1 24
14 9 6 6 29 3 4 13 12 5 1 3
24 24 3 27 6 8 15 5 13 12 5 14 12
14 21 4 13 9 19 15 6 13 25 4 14 16 6
18 12 7 8 17 4 12 5 29 9 2 12 28 23 9
4 9 5 30 26 10 18 8 2 16 11 13 10 16 29 29
22 9 7 8 14 16 29 19 19 26 30 6 28 17 4 21 17
9 5 27 15 22 7 25 4 16 24 9 3 21 14 17 7 16 18
20 26 26 1 5 9 6 11 28 10 30 5 28 1 21 3 8 25 27
22 18 29 5 26 3 8 21 27 3 27 30 26 15 17 2 19 4 30 2
20
12
15 15
16 15 1
22 16 12 10
3 8 26 10 8
20 26 23 19 1 10
28 9 25 20 7 28 27
23 29 18 26 17 23 22 23
4 4 24 5 8 6 18 25 9
7 23 16 12 3 14 24 10 16 12
5 3 18 5 23 16 3 9 1 19 30
10 27 28 17 25 8 29 29 19 25 14 19
29 8 16 4 19 11 15 7 13 9 25 29 14
25 29 29 9 3 20 29 12 9 30 14 2 1 7
27 1 26 17 30 26 17 6 7 9 25 12 19 29 20
7 24 16 9 22 4 17 7 10 30 16 14 26 23 30 20
8 19 14 19 20 4 21 22 26 14 21 8 24 27 4 17 3
8 11 7 14 7 26 26 27 8 5 11 12 16 14 13 20 21 29
11 3 9 3 22 9 9 10 25 2 1 18 30 23 12 8 21 24 12
16 20 10 21 26 18 13 19 6 13 28 16 25 28 23 8 21 27 10 5
20
8
4 30
26 8 16
8 7 9 15
21 21 22 6 7
4 16 12 23 22 27
12 16 19 14 5 20 6
3 23 27 17 10 12 11 4
3 10 17 14 22 14 12 28 7
5 2 1 28 14 19 10 1 2 4
12 18 4 1 25 15 23 3 24 6 10
21 17 26 10 16 14 8 3 14 19 1 26
5 13 7 30 15 20 6 12 27 14 12 17 25
10 7 26 1 18 24 16 22 20 17 13 23 16 1
4 17 10 26 21 28 13 3 25 8 21 6 4 14 14
15 25 15 10 12 14 25 27 15 19 16 27 10 23 7 12
9 5 7 12 19 18 18 5 7 23 9 22 7 28 25 7 3
15 23 3 18 30 18 2 14 4 20 29 6 28 20 4 7 25 10
5 24 15 21 22 13 14 16 1 14 27 17 18 19 27 11 23 4 3
13 10 4 12 18 7 27 17 8 13 9 6 15 21 30 26 25 26 3 20
20
3
1 15
19 22 24
15 7 30 11
12 30 14 27 22
5 24 27 9 26 5
21 17 11 25 21 3 4
24 23 5 15 19 11 3 20
28 30 1 20 3 8 5 29 11
23 2 21 10 24 12 17 16 26 17
6 12 5 27 12 21 19 13 28 30 14
28 12 12 26 30 9 12 5 4 11 15 24
14 20 14 11 11 29 5 2 13 27 15 25 20
16 26 19 17 9 6 17 15 10 1 23 26 19 24
8 18 15 18 2 30 15 6 8 7 21 15 30 18 4
5 6 13 4 7 20 16 25 29 25 18 9 6 18 20 19
26 28 19 25 15 7 30 11 9 28 2 26 29 25 24 30 3
29 8 7 24 25 10 8 14 18 4 10 11 24 15 14 7 12 22
25 22 3 27 5 12 21 17 20 11 13 10 19 23 7 29 20 28 24
5 28 11 20 18 10 9 22 22 29 4 30 15 14 30 21 19 14 20 14
20
25
30 19
7 11 1
10 10 21 16
8 5 6 16 13
11 2 15 17 3 28
16 19 20 5 16 20 17
14 11 16 16 22 23 3 16
30 5 15 9 30 2 30 16 22
9 17 5 24 2 7 22 1 19 27
2 13 18 5 28 4 17 15 8 12 2
26 12 4 23 5 13 12 21 11 24 5 19
21 27 6 24 4 2 25 25 1 12 9 26 7
22 17 4 28 13 29 18 1 1 21 12 20 26 11
25 10 9 7 25 5 9 4 11 18 20 7 21 17 3
6 27 21 24 10 21 7 27 5 30 18 10 17 26 4 23
14 18 15 24 20 14 19 9 16 12 2 2 14 22 26 20 15
19 5 6 24 5 4 14 18 24 13 8 12 3 13 27 2 15 3
22 26 9 21 26 19 18 19 17 6 17 16 29 23 7 8 30 16 9
19 19 17 24 6 26 4 8 22 6 14 15 15 27 12 18 7 6 4 7
20
25
26 2
23 6 2
19 9 8 27
19 30 18 22 2
4 29 29 6 6 1
24 15 11 9 20 8 15
9 25 27 2 13 3 11 15
15 22 3 14 16 15 11 25 23
18 26 5 25 28 14 29 18 5 6
17 16 14 6 24 29 24 14 24 30 1
14 4 3 18 16 23 2 30 18 11 5 2
8 1 5 7 4 23 10 9 5 20 20 4 19
21 28 23 23 23 4 25 21 10 20 19 18 7 10
1 25 15 16 29 8 27 3 16 20 19 10 17 28 17
10 22 6 20 2 5 30 27 13 5 14 1 5 27 12 7
24 29 6 17 14 23 17 20 16 3 24 21 25 3 18 13 8
1 16 1 5 7 24 3 18 4 1 4 25 19 12 15 6 7 18
27 25 29 29 28 23 16 10 11 3 25 8 17 16 18 15 19 17 14
12 9 29 24 5 10 1 5 6 2 14 16 28 8 14 22 14 8 24 6
20
6
6 12
30 4 14
20 28 25 16
12 4 10 4 10
16 21 10 9 27 15
16 18 10 9 25 14 1
28 27 28 20 13 24 10 13
21 5 18 30 27 23 3 16 1
4 6 13 2 24 22 30 5 24 15
30 16 8 9 15 13 17 23 29 26 5
8 5 11 17 23 26 14 25 24 24 23 11
28 11 12 13 5 6 25 13 25 9 14 22 29
12 30 26 9 17 1 27 6 14 27 28 13 3 8
8 24 6 10 13 29 14 25 3 9 16 23 2 16 25
2 26 28 26 5 6 2 14 25 3 29 22 1 17 2 4
19 6 10 2 8 14 19 25 1 3 17 7 24 23 2 12 23
27 4 25 14 6 2 14 21 28 9 30 3 20 9 12 27 30 21
6 28 13 28 25 6 12 13 2 10 28 16 14 4 14 9 24 29 25
10 5 15 15 2 15 10 2 19 21 26 12 7 15 29 16 10 2 9 18
20
19
12 30
11 28 14
11 15 2 7
21 26 19 15 28
2 11 27 11 29 16
16 22 17 1 21 16 30
10 4 4 9 28 10 7 28
1 8 29 23 9 18 28 6 6
1 4 1 18 3 1 23 15 30 11
18 12 9 29 15 28 9 8 14 14 20
21 22 10 10 9 15 25 5 9 5 17 16
14 19 29 7 21 13 26 28 21 12 8 6 26
4 11 20 26 1 28 5 24 29 1 12 14 13 23
2 5 13 24 17 13 13 26 22 4 29 13 16 27 12
24 15 11 8 29 20 23 18 2 21 3 28 18 8 7 22
1 6 23 8 2 16 30 1 16 13 1 19 15 2 21 29 28
30 16 11 16 5 10 16 30 1 13 17 5 11 24 18 4 19 22
1 17 25 15 13 2 15 22 4 2 11 2 30 13 20 15 12 2 3
12 9 7 15 28 13 14 16 29 25 24 17 24 16 22 29 12 30 5 4
20
28
1 21
3 7 14
17 1 29 5
1 12 28 7 4
21 30 18 9 25 2
7 12 21 10 21 13 23
8 23 11 29 2 7 6 1
25 13 11 17 28 13 11 10 14
25 15 25 1 17 27 24 25 20 2
4 30 6 25 1 13 10 16 30 5 5
5 3 9 24 13 23 24 6 30 6 3 17
12 11 6 4 21 25 9 23 8 3 14 28 16
8 1 29 18 1 28 6 15 21 5 15 9 9 26
20 6 11 10 10 6 16 8 14 23 4 18 25 20 23
7 30 5 14 23 9 29 19 20 25 17 16 18 12 25 28
29 10 4 20 28 20 7 14 15 29 7 29 7 6 3 17 24
7 23 6 15 4 1 5 27 13 23 15 19 12 26 3 29 4 14
1 18 14 15 5 29 8 26 15 19 23 10 4 1 21 23 22 23 29
6 19 26 7 30 13 17 18 29 9 27 17 20 10 1 4 1 22 22 22
20
18
1 14
25 16 21
21 3 1 17
14 14 14 7 27
22 2 8 12 5 6
28 10 17 26 3 14 16
23 11 9 16 4 27 30 29
3 17 20 25 3 20 18 21 2
5 21 5 13 27 14 6 23 20 1
11 18 13 19 22 23 7 17 10 6 8
21 27 14 20 22 3 14 16 29 5 20 22
25 28 21 6 7 30 14 22 5 24 5 8 16
22 18 2 19 27 23 5 15 23 8 14 4 25 25
30 19 16 29 13 4 15 9 5 24 16 17 14 21 18
27 14 18 16 28 18 12 29 2 1 5 27 1 2 12 9
11 26 13 29 16 21 22 26 27 6 14 9 19 29 27 13 14
20 21 8 25 10 13 25 21 25 12 6 6 28 6 3 27 4 26
9 14 7 5 1 9 20 5 5 5 18 22 23 12 8 23 4 25 12
16 1 6 28 14 28 8 27 11 22 15 14 8 17 1 30 22 24 24 25
20
12
5 8
12 17 19
17 30 23 9
8 9 26 24 14
22 16 26 18 1 6
3 20 27 17 16 11 9
8 25 27 15 16 18 7 10
23 2 6 13 4 22 9 2 16
24 2 22 15 25 11 23 21 18 30
5 20 9 14 22 6 27 12 2 11 15
30 28 4 11 15 8 4 16 9 1 11 18
7 27 5 14 29 6 18 3 26 22 12 9 11
18 30 23 22 8 25 17 12 3 10 26 12 14 26
4 17 2 8 3 20 17 9 24 27 16 9 20 12 24
4 27 4 13 17 4 25 9 25 14 24 3 29 19 17 26
3 23 7 14 14 17 17 4 24 16 28 25 15 14 23 25 4
12 19 15 21 15 25 13 8 8 18 30 20 25 9 26 14 14 1
13 28 11 29 7 7 7 1 11 7 25 24 11 16 27 19 30 16 26
21 14 9 9 1 25 12 3 9 9 29 30 24 28 11 15 25 21 18 11
20
20
22 4
10 18 9
25 11 13 4
2 19 4 28 21
7 24 7 19 28 21
9 8 19 11 7 22 21
8 28 24 27 14 25 30 14
10 16 24 9 13 20 6 12 18
15 24 4 3 24 14 23 9 20 29
12 10 1 10 30 29 20 4 30 6 10
24 20 3 30 14 17 19 18 25 21 23 9
19 20 20 6 15 8 20 16 2 30 21 6 27
14 4 23 27 14 17 20 11 7 19 21 14 3 16
26 28 1 21 27 15 29 5 19 11 22 23 23 4 13
9 13 7 23 21 15 1 11 26 3 26 8 29 14 10 11
16 13 21 22 5 10 29 12 26 21 7 4 29 15 16 8 28
3 14 28 27 20 1 15 5 8 9 20 18 27 24 5 19 26 16
30 11 19 23 5 15 10 22 29 9 3 22 16 12 8 12 26 21 12
21 23 29 14 28 20 25 16 28 26 27 17 2 28 7 22 9 11 3 26
20
28
22 7
13 21 1
30 18 25 15
29 26 25 25 25
5 27 30 25 15 28
16 9 14 14 10 16 19
4 17 19 25 2 30 8 22
4 10 22 2 9 13 24 26 9
19 1 19 9 18 29 16 10 12 24
25 4 17 17 21 30 17 26 26 19 27
8 2 25 30 5 24 24 5 9 25 11 6
3 12 5 28 2 20 14 17 9 11 24 2 20
7 17 6 26 29 4 2 27 22 23 9 27 30 1
17 25 10 29 26 5 17 17 25 21 27 14 23 12 2
24 24 16 6 26 28 16 23 22 21 29 4 16 8 28 28
20 25 7 12 27 16 8 21 1 10 22 12 23 26 17 23 23
29 20 25 20 5 19 5 23 5 10 30 24 17 15 4 19 4 14
11 11 25 5 14 28 6 24 22 16 17 9 15 25 20 4 24 6 14
6 5 5 28 25 5 23 5 15 20 2 20 2 12 29 3 14 9 27 21
20
7
12 23
1 19 2
2 4 24 6
16 30 29 22 24
10 10 29 4 4 21
10 15 6 4 22 13 11
27 22 25 8 3 4 8 14
22 12 25 15 29 11 16 12 29
22 28 29 18 22 16 2 6 2 13
2 19 17 1 1 14 24 26 25 14 9
25 2 5 5 11 30 15 21 2 24 5 7
22 6 9 29 4 16 29 10 10 8 17 5 13
3 27 27 15 25 27 8 29 11 25 29 25 5 12
7 7 20 9 9 13 19 16 30 8 12 23 28 27 22
16 10 29 21 2 22 28 17 9 4 3 28 30 23 26 21
26 7 3 17 19 23 22 15 19 1 3 3 23 29 27 14 8
12 18 13 19 9 4 21 28 28 23 26 3 17 29 18 21 8 16
10 16 10 29 22 14 24 8 19 30 18 5 28 6 1 16 7 19 28
4 2 13 4 28 16 27 3 13 16 28 9 11 27 6 15 11 29 18 17
20
9
14 25
22 25 23
17 13 22 4
29 5 24 2 13
26 20 22 7 25 21
3 28 4 16 16 11 1
16 25 24 20 14 15 6 19
28 25 6 3 22 15 24 23 19
22 10 19 23 30 11 25 22 5 25
5 4 26 20 17 4 13 23 6 27 15
29 13 26 1 8 20 11 3 26 27 12 2
11 9 29 16 25 7 30 28 30 2 22 20 9
1 10 13 28 5 5 26 5 17 9 17 16 9 4
9 22 23 7 24 30 11 15 23 28 13 11 14 26 27
3 16 11 30 23 30 19 5 11 19 22 13 19 27 13 14
27 27 19 23 24 16 23 10 1 14 27 9 10 24 28 17 7
14 13 2 26 12 18 6 29 29 30 6 8 16 30 12 19 2 14
17 23 3 19 28 11 4 18 28 28 25 9 17 23 16 22 30 24 6
24 17 26 28 7 22 13 28 20 12 6 17 2 3 16 27 18 20 7 22
20
14
9 14
20 6 3
19 29 16 6
23 3 2 21 12
25 27 1 6 30 7
21 2 30 29 2 16 2
26 18 18 6 19 17 12 1
5 16 21 18 11 12 9 3 19
18 14 23 21 14 6 24 10 18 20
25 1 18 17 12 8 16 20 17 27 12
19 22 4 8 7 7 10 19 10 27 25 29
30 16 18 4 16 18 15 21 14 12 29 11 6
11 11 25 11 26 11 30 5 10 28 27 30 27 22
12 23 6 24 22 3 15 7 6 28 4 13 16 20 14
8 23 27 21 5 12 2 2 16 23 18 16 27 22 8 11
17 12 26 29 2 29 3 26 21 4 17 13 11 14 4 28 15
10 9 5 4 29 30 13 19 25 5 27 3 28 19 16 23 16 12
20 5 26 30 5 19 29 8 9 10 18 2 10 11 1 13 29 12 19
22 11 17 25 17 6 23 29 7 28 7 20 13 4 9 19 21 20 10 3
20
8
8 16
25 10 6
6 5 22 1
14 6 8 28 16
30 11 6 9 23 1
29 17 28 21 18 11 10
13 11 9 30 16 24 17 7
18 5 18 20 4 22 23 6 22
28 5 30 23 5 29 28 30 11 11
15 5 7 2 4 11 25 12 17 29 10
4 6 10 6 22 26 5 20 9 12 3 26
7 20 6 19 20 1 28 3 27 10 7 9 17
28 20 25 13 1 1 20 13 21 16 2 13 25 15
15 8 9 12 17 8 30 18 4 14 21 10 25 5 17
18 18 19 17 17 2 23 26 18 5 19 19 14 9 4 17
13 2 19 6 8 5 4 26 15 28 24 5 24 27 1 30 30
9 13 12 18 6 28 3 11 4 22 11 15 13 2 11 25 20 19
25 11 28 6 30 14 13 29 23 29 7 9 21 5 11 23 27 18 28
15 10 28 1 28 30 4 18 14 3 29 6 2 9 7 11 19 9 12 27
20
4
7 8
16 15 14
19 23 6 5
15 6 17 28 15
23 5 23 22 25 7
7 30 19 8 14 17 11
9 4 12 27 15 10 4 7
10 16 25 28 8 28 4 18 10
17 14 17 16 15 3 10 10 12 8
19 7 2 1 25 22 23 24 14 13 21
24 17 25 14 20 9 22 6 1 28 13 9
26 30 27 20 6 6 3 9 19 12 25 6 16
16 28 20 18 5 25 4 29 23 30 21 5 27 10
19 11 10 16 7 27 25 12 8 24 28 7 12 24 15
4 18 7 5 14 11 3 2 20 8 7 22 23 6 14 10
10 5 3 5 5 10 5 22 3 7 18 16 14 14 22 10 5
17 20 13 24 11 3 9 2 1 28 6 4 13 26 19 18 1 28
30 21 30 11 23 14 30 29 20 3 30 1 8 10 6 12 24 28 1
2 9 17 11 19 28 19 20 25 3 9 28 26 1 28 2 23 1 17 16
20
16
2 23
21 7 20
7 30 18 1
26 3 25 14 14
28 21 17 29 16 30
2 15 28 5 25 22 20
21 12 3 13 7 4 6 16
9 27 13 25 18 16 7 7 9
6 1 6 22 27 9 8 15 6 12
2 20 18 24 6 18 19 17 8 3 11
6 26 2 20 26 17 27 21 20 22 1 13
11 8 27 5 23 7 12 19 14 21 11 30 13
9 10 8 26 17 20 29 21 7 3 25 18 30 28
16 9 15 26 22 25 20 5 26 26 2 5 22 28 13
1 3 14 29 18 15 29 10 14 13 11 23 15 6 1 11
10 28 13 26 5 26 15 19 14 18 4 17 25 6 12 9 15
15 29 1 23 17 5 10 14 25 27 26 18 15 25 28 7 8 5
11 26 17 20 17 17 4 20 21 5 15 28 26 23 25 2 30 15 25
27 15 27 1 17 10 27 21 2 5 30 17 29 6 7 24 19 4 13 1
20
15
3 20
6 6 1
26 23 21 6
5 25 12 27 28
14 13 8 27 4 24
19 25 16 22 9 20 9
13 5 25 22 5 27 3 8
12 27 1 22 21 7 1 26 12
8 19 23 11 16 22 9 25 30 29
29 7 18 19 11 1 14 1 25 10 26
15 7 14 19 18 22 1 16 6 25 15 16
1 11 30 17 9 2 8 5 13 1 3 1 9
22 17 29 25 4 27 16 27 21 23 15 23 2 6
21 15 6 13 10 9 6 20 28 29 12 10 12 29 19
7 16 13 22 9 19 1 4 28 24 25 27 18 25 23 23
16 25 3 27 28 12 8 7 15 19 3 16 10 20 18 25 26
22 23 18 26 16 12 5 19 11 21 13 1 29 17 26 26 14 7
17 28 2 1 16 27 18 6 11 10 16 29 7 16 30 18 15 29 28
18 16 4 27 27 22 15 9 13 30 4 16 12 6 16 6 5 17 11 2
20
28
28 15
21 22 10
23 25 16 22
4 9 6 15 24
29 4 16 11 18 12
27 25 28 2 17 22 30
13 27 4 3 19 17 28 2
6 25 27 2 9 19 20 13 6
21 28 28 17 22 23 12 27 3 22
21 3 14 7 5 21 20 17 7 9 24
11 9 16 10 28 2 13 29 5 11 15 27
2 11 24 20 26 6 13 3 15 15 23 19 19
6 5 10 16 11 22 22 1 30 11 25 28 14 26
5 9 11 8 24 7 4 7 12 19 1 6 25 15 6
26 25 28 15 25 26 28 13 30 8 4 5 27 20 21 28
27 25 26 16 29 24 22 26 22 14 26 26 30 25 1 26 7
2 9 10 16 17 30 29 14 13 18 5 30 6 27 2 13 18 11
21 25 10 27 28 3 21 21 18 24 5 7 7 19 4 14 17 16 2
20 21 17 20 7 16 10 26 28 28 14 25 12 1 16 26 8 25 11 6
0 
