20
29
28 25
27 16 28
28 8 14 13
12 18 27 15 12
25 3 7 3 20 27
2 5 7 21 6 16 19
14 19 27 24 22 18 16 18
13 9 19 22 22 12 25 6 17
16 9 21 25 1 17 25 29 15 24
18 15 18 10 9 25 4 23 29 17 3
27 28 22 10 29 18 7 13 10 22 7 13
15 30 21 21 22 4 9 1 27 7 7 4 10
4 14 30 16 7 9 14 14 23 25 20 10 1 20
6 3 6 20 16 5 17 15 19 26 1 19 12 28 8
18 9 10 1 7 6 7 15 2 15 5 7 28 27 26 22
11 28 2 17 6 20 27 20 13 20 18 7 26 26 18 27 30
20 2 17 18 19 19 10 4 6 19 26 17 14 24 18 29 22 25
19 3 24 2 7 4 21 1 15 2 21 13 3 4 20 18 5 27 18
5 27 24 3 22 26 4 10 28 30 22 30 9 20 20 14 25 11 6 22
20
21
6 6
20 21 20
1 28 3 7
25 30 21 7 4
6 28 7 29 21 3
3 21 3 9 18 28 9
27 9 19 25 15 11 12 28
14 9 16 28 24 25 10 12 28
6 3 5 7 4 6 26 8 11 25
9 17 26 4 15 23 11 15 17 5 25
3 27 27 5 8 1 1 19 10 15 29 20
4 15 21 4 24 9 22 5 14 30 5 19 4
25 10 10 23 15 15 30 16 25 28 11 11 25 9
25 7 2 16 4 9 13 11 28 22 22 8 14 16 25
16 30 5 18 17 8 17 6 24 24 5 30 26 2 16 6
2 2 7 30 13 23 11 16 20 2 4 11 8 15 12 21 22
16 18 2 20 9 25 20 21 13 5 29 25 8 3 20 19 18 7
28 16 23 22 13 30 21 2 17 24 10 3 30 15 7 6 19 8 30
1 8 7 1 29 30 6 17 30 18 24 4 8 18 7 10 11 19 27 10
20
22
2 29
4 23 14
6 8 8 6
22 21 26 29 3
11 21 5 18 13 5
12 26 11 11 16 30 25
2 14 30 15 4 29 16 5
25 21 13 18 1 28 8 9 11
5 24 13 13 21 24 12 2 26 3
9 23 25 17 23 22 8 20 29 11 14
24 8 3 2 15 14 18 21 16 13 19 27
5 21 23 3 17 18 21 15 9 12 22 13 8
10 20 8 20 30 9 14 7 25 3 26 17 26 15
22 3 18 17 8 15 15 15 16 18 7 5 3 29 28
28 14 6 14 1 18 18 10 29 24 18 23 9 11 5 9
29 12 5 15 4 7 25 24 16 12 2 13 20 29 26 5 21
9 22 14 22 28 11 4 4 23 28 22 10 16 12 12 30 25 26
24 28 5 1 26 24 27 9 7 20 10 14 25 27 21 22 30 2 23
5 8 17 14 19 7 12 16 10 23 30 21 29 6 12 26 23 12 7 11
20
10
21 27
15 21 22
13 14 9 13
25 28 9 28 2
8 22 18 29 20 13
28 4 3 15 28 13 20
27 26 22 26 16 19 8 29
10 8 13 4 15 2 8 24 21
3 14 25 19 5 30 3 5 24 16
5 2 17 16 10 3 17 14 7 12 15
6 6 22 30 10 15 19 22 21 6 12 27
14 1 13 21 21 11 10 5 2 24 3 7 26
13 2 3 30 1 12 24 1 28 19 23 3 9 11
9 1 2 2 3 10 19 7 3 9 10 25 2 9 5
25 6 10 12 8 5 24 30 13 11 2 10 2 2 11 8
10 18 10 28 12 25 28 25 25 15 18 29 13 22 12 5 21
3 10 8 24 4 8 12 18 27 13 9 5 12 30 27 6 16 24
6 14 26 16 14 19 29 23 30 12 7 19 25 28 8 9 16 29 21
19 7 24 21 6 4 17 30 5 29 30 4 10 14 14 19 11 6 10 24
20
27
21 20
18 21 4
17 28 6 20
23 10 2 26 30
16 23 15 5 16 25
19 2 18 22 10 13 15
9 6 29 12 8 26 19 18
28 28 9 17 13 4 24 5 27
5 12 25 2 20 20 18 6 6 13
26 14 26 28 5 23 8 30 23 15 11
5 5 28 23 23 11 19 28 11 11 10 6
2 22 8 30 4 4 23 12 2 18 27 28 27
10 21 30 2 19 7 19 13 11 11 24 14 19 1
1 30 16 9 11 10 23 8 23 23 18 24 25 25 14
28 23 24 12 21 1 18 10 27 6 10 29 10 7 12 10
25 2 8 14 10 19 22 20 24 17 7 26 25 14 15 14 2
24 8 25 28 29 25 4 30 15 18 2 4 17 10 8 6 30 21
10 9 11 7 18 17 17 20 17 29 1 8 6 23 13 15 17 22 18
4 14 6 29 16 22 26 6 19 14 1 8 12 26 27 9 24 7 22 8
20
12
15 25
3 21 29
17 25 12 2
19 7 28 26 13
2 6 24 4 19 25
16 25 5 10 25 8 30
23 25 23 25 8 8 7 19
9 29 18 18 14 23 24 23 21
12 1 21 20 5 3 15 21 29 13
6 23 4 2 6 17 12 26 19 14 20
7 9 11 5 11 24 20 29 15 4 1 13
25 6 13 19 9 23 18 20 12 5 19 19 9
22 12 20 6 6 21 6 29 30 11 30 26 16 21
19 16 25 10 30 1 12 14 26 26 20 2 2 3 27
20 3 9 25 15 14 11 22 18 1 27 22 19 15 16 24
12 24 18 2 8 7 22 20 16 29 29 30 23 24 26 20 5
18 22 6 29 12 8 6 29 29 11 14 4 30 9 22 17 5 12
2 3 6 24 12 14 1 27 2 5 24 15 20 21 24 17 15 19 15
24 5 21 29 8 16 29 28 4 8 18 3 18 20 15 27 24 1 15 2
20
25
29 11
8 1 30
28 14 18 18
29 1 21 17 11
3 18 7 10 18 3
30 8 20 23 24 24 4
27 12 11 21 17 16 18 17
20 1 2 7 29 2 20 13 10
4 18 25 18 25 11 15 23 18 6
29 16 27 20 6 5 20 14 15 14 9
13 19 15 10 22 2 24 16 5 9 10 1
3 21 27 5 5 17 4 7 29 16 13 24 7
18 1 11 30 8 28 29 25 12 11 21 27 15 28
2 16 9 22 16 25 20 9 19 6 29 12 13 25 27
30 11 5 9 24 1 28 26 27 28 26 11 3 20 12 19
5 26 28 23 12 9 18 22 14 10 19 10 11 10 23 21 17
3 19 13 29 22 30 15 16 29 25 19 27 27 2 20 8 24 29
8 9 11 22 8 30 21 24 10 14 11 11 17 5 30 10 13 23 25
4 21 20 16 10 4 28 30 11 30 23 13 7 10 15 4 16 1 11 17
20
9
15 23
4 12 11
11 23 3 30
30 6 6 23 22
14 10 1 10 27 4
20 23 23 20 11 30 25
1 21 15 22 10 23 3 5
21 12 28 19 29 2 12 26 6
22 3 26 17 21 5 22 27 23 26
22 19 19 6 29 22 20 14 17 10 5
6 28 6 7 9 19 21 1 5 27 27 25
24 18 27 11 28 29 9 1 2 24 8 2 11
8 5 19 29 19 8 21 29 12 8 24 29 14 29
12 26 30 13 2 19 19 26 1 17 23 28 4 23 4
28 21 28 17 4 8 26 28 23 21 2 4 29 16 2 4
24 30 4 10 4 15 21 30 14 28 24 6 27 18 17 14 15
27 28 17 4 7 3 24 19 15 15 11 6 11 28 27 14 28 3
10 7 12 20 10 4 28 10 5 3 25 18 3 11 8 30 16 16 20
1 21 23 9 18 2 2 29 19 29 1 19 19 30 26 10 25 28 4 6
20
10
13 1
4 6 19
27 20 17 17
13 26 18 19 1
19 6 24 12 9 2
15 10 20 2 27 12 6
1 23 3 27 8 21 23 25
17 24 4 26 19 5 20 7 4
6 13 12 25 22 13 15 29 7 17
13 1 3 11 18 18 17 13 1 26 9
13 13 7 19 23 21 1 11 27 12 9 24
28 15 13 2 22 11 12 24 8 1 3 23 10
24 11 30 7 7 15 15 25 15 18 30 15 25 29
7 2 1 15 19 30 22 15 10 27 20 1 29 8 4
13 30 5 16 27 15 12 28 18 23 23 8 23 18 11 21
21 27 1 14 12 18 28 29 18 2 30 6 23 9 10 19 4
15 3 29 26 27 22 5 9 21 25 6 26 30 1 15 14 6 9
12 21 25 17 26 14 5 22 27 12 20 6 3 9 19 21 27 19 11
20 14 29 27 9 22 6 30 1 4 30 13 29 9 9 13 6 22 20 7
20
1
24 28
3 10 25
10 26 5 10
14 13 27 19 13
8 15 8 10 29 23
2 18 23 18 5 14 10
20 30 12 5 21 24 20 22
11 1 9 4 17 20 13 22 13
28 28 7 27 18 16 21 18 29 17
9 25 5 15 24 16 11 10 29 20 27
13 5 5 18 15 17 28 21 14 17 28 29
13 21 16 7 9 3 10 5 20 21 17 24 27
7 27 5 1 7 11 8 18 8 24 26 19 20 8
1 29 11 6 10 28 1 10 2 14 24 14 16 28 8
8 21 16 19 2 5 12 28 1 23 15 22 9 21 27 23
10 12 12 12 14 5 22 30 2 10 29 28 19 27 15 2 28
12 8 30 17 26 8 15 7 16 14 3 12 29 29 5 30 7 14
4 17 10 3 15 29 7 30 5 11 4 16 1 14 14 22 15 16 2
3 21 14 14 5 8 7 16 20 13 27 30 14 10 29 4 17 26 18 25
20
23
16 27
22 14 4
6 12 27 6
8 12 13 30 3
2 7 24 27 6 25
8 14 29 6 1 11 10
11 5 13 24 20 16 9 22
10 1 2 16 13 16 23 6 17
11 29 26 21 29 29 9 28 26 1
5 17 10 5 14 24 8 20 12 17 23
30 19 26 4 10 14 20 11 24 26 6 5
16 21 17 23 14 15 3 4 26 20 10 18 26
8 14 4 9 17 28 15 5 18 15 17 27 4 5
1 20 28 11 29 4 19 27 20 14 9 10 22 5 4
23 23 25 21 9 22 8 3 21 12 21 18 30 18 5 11
15 20 24 17 20 7 28 12 17 18 19 23 9 27 18 27 6
25 18 5 20 21 10 2 13 13 14 6 27 7 26 21 22 16 16
25 13 4 8 25 1 2 29 26 26 29 25 2 17 8 16 19 10 25
27 13 11 4 16 13 15 19 25 10 14 9 20 19 24 19 10 23 26 30
20
23
25 17
27 9 24
9 12 27 8
26 20 24 23 1
14 29 6 20 10 17
24 16 2 20 29 5 23
2 7 25 5 22 23 5 27
26 6 24 21 4 22 13 23 11
19 23 12 15 3 28 14 12 21 13
12 11 4 23 13 12 6 3 22 10 22
15 5 14 26 1 2 28 25 28 26 10 21
8 10 7 25 24 28 19 29 8 7 18 7 1
19 17 5 29 4 14 13 23 8 22 10 15 14 2
22 30 20 4 1 4 23 29 24 14 28 28 16 14 19
13 7 10 7 15 28 30 3 4 1 17 3 26 10 26 7
6 24 19 26 21 21 5 18 10 9 22 7 2 17 13 6 30
3 1 16 19 12 26 26 30 27 10 7 29 17 15 11 17 20 25
22 21 29 3 17 28 13 28 30 5 8 20 2 6 27 6 5 1 2
26 10 13 9 4 26 8 18 19 14 21 14 16 28 23 27 18 3 19 5
20
21
21 4
30 14 15
20 7 11 3
14 18 15 5 24
16 8 24 21 11 18
8 15 24 11 8 10 16
17 29 19 12 2 27 7 15
11 22 20 22 20 17 9 8 6
8 5 24 15 8 18 30 27 9 15
23 1 9 19 4 19 15 22 20 12 15
17 16 27 4 17 16 11 2 17 10 3 24
22 8 19 15 16 21 14 7 19 7 25 21 10
24 25 26 13 11 26 7 18 11 24 24 6 16 15
10 24 4 29 21 19 25 28 30 25 3 23 4 21 16
27 4 26 9 6 6 12 9 17 19 8 18 28 1 19 21
19 7 26 23 23 3 11 25 15 15 8 7 11 10 24 17 22
8 25 21 16 9 25 10 5 9 28 25 14 25 15 21 1 4 1
7 16 21 9 29 29 29 29 20 8 16 2 6 5 26 13 13 11 17
7 14 3 28 1 10 23 23 25 13 11 4 14 25 12 18 27 24 16 19
20
24
14 5
9 30 14
9 12 2 21
28 12 28 14 2
21 22 19 30 19 30
29 4 7 3 1 27 1
29 1 5 26 19 2 15 2
3 23 25 1 14 29 3 14 17
11 20 29 28 26 6 21 23 2 22
9 28 5 28 3 28 13 20 2 15 30
2 2 8 24 2 11 7 18 7 27 15 24
14 27 22 30 19 10 29 8 7 8 20 10 28
1 27 28 1 12 14 28 19 11 25 5 3 23 2
27 25 5 6 14 26 22 1 28 30 16 24 6 16 19
28 15 17 6 26 27 28 8 1 30 10 25 12 6 5 29
26 5 1 24 17 6 12 8 9 6 5 28 9 26 12 8 29
22 21 25 16 30 15 13 22 8 16 19 3 5 10 15 4 23 23
14 23 20 14 12 23 10 6 7 23 9 7 27 7 10 12 13 11 30
24 18 10 7 1 9 18 5 30 29 20 21 14 21 26 20 7 16 7 16
20
10
2 5
8 10 3
17 2 4 23
1 5 13 24 2
22 7 29 30 9 3
19 15 30 12 3 6 2
27 2 17 10 26 15 27 6
25 14 26 9 20 5 16 2 13
2 12 20 25 27 17 11 2 5 30
26 29 17 20 15 27 13 1 14 6 2
11 10 2 26 30 15 11 8 24 10 1 29
30 21 19 20 17 16 27 30 30 21 27 26 11
24 26 16 17 14 25 4 4 10 2 8 23 23 23
2 14 23 21 20 17 21 12 22 7 10 10 17 26 26
16 16 11 25 29 22 8 23 12 13 9 21 5 2 20 25
19 13 9 4 12 5 10 21 9 3 20 19 22 13 27 28 2
26 20 21 14 24 6 26 11 9 1 20 28 27 9 15 21 12 14
2 19 20 13 25 3 17 18 28 30 3 1 29 14 29 18 15 14 9
3 29 28 21 29 28 27 19 3 26 22 28 13 29 3 26 29 3 30 9
20
24
9 12
13 24 11
17 10 17 20
29 19 27 9 12
12 8 20 15 15 24
27 26 4 14 7 21 6
4 5 20 18 7 25 30 24
11 24 4 19 29 4 8 17 9
23 16 6 22 12 28 12 30 7 8
12 30 27 7 10 8 6 2 3 20 29
4 6 20 14 15 25 17 13 16 5 30 1
5 1 21 30 3 10 22 24 27 9 12 6 8
27 1 5 16 20 3 5 29 12 5 30 13 18 10
26 11 25 9 18 14 27 25 8 30 20 22 4 23 25
27 26 22 18 21 13 1 5 1 29 4 24 12 20 28 15
9 2 29 9 8 14 29 1 3 29 8 13 1 4 10 6 30
21 19 28 6 16 18 5 3 3 8 16 4 9 30 12 26 13 20
25 18 4 15 18 3 16 2 27 17 23 1 24 23 20 21 22 10 27
21 10 28 12 11 17 3 27 23 2 25 30 24 23 26 22 19 27 4 25
20
3
3 7
12 21 5
27 10 6 11
16 28 11 10 17
5 28 10 26 24 12
15 2 7 14 20 14 18
5 18 1 20 15 28 2 14
14 22 12 3 15 11 30 14 23
20 19 17 24 19 13 22 13 1 17
16 23 27 14 22 13 22 28 29 14 10
23 8 14 29 3 23 4 9 20 26 18 14
16 19 1 11 27 5 14 7 5 1 9 26 23
15 17 29 22 8 9 27 5 23 15 24 12 4 6
16 29 5 26 20 22 17 1 18 17 4 27 25 9 9
1 25 30 18 5 15 12 18 9 13 14 30 28 14 24 19
1 22 23 22 25 8 23 14 19 20 6 14 21 18 11 20 15
9 10 23 6 12 22 1 25 29 14 16 21 24 4 27 16 13 10
27 1 7 2 17 7 25 30 4 7 12 9 6 3 15 2 18 11 9
27 3 28 24 3 29 29 10 20 16 27 26 12 26 15 1 21 30 1 30
20
24
4 11
4 25 15
29 2 19 25
7 10 26 24 23
23 17 3 8 27 21
14 16 14 14 29 29 4
25 10 6 29 25 3 22 21
5 18 29 26 30 26 3 3 7
19 14 27 30 26 29 9 26 11 20
25 19 9 19 17 1 10 10 20 4 17
21 5 16 11 9 19 26 29 9 1 10 9
28 6 25 27 7 23 30 14 1 14 24 27 11
15 11 8 20 21 29 12 4 22 1 23 18 2 2
19 23 12 23 30 17 7 1 26 4 18 21 22 10 30
5 10 11 25 2 26 17 2 8 4 3 19 25 26 6 22
4 7 16 8 7 2 24 17 2 18 12 12 9 3 26 19 6
21 8 7 25 28 7 13 24 29 23 3 1 27 1 6 26 19 30
11 21 30 29 30 16 6 25 23 11 11 2 21 20 29 27 17 17 27
29 7 4 4 10 16 26 28 30 16 21 8 6 26 4 24 27 17 21 6
20
13
11 16
18 19 17
15 4 29 19
14 6 2 13 20
30 16 13 5 22 29
18 17 15 15 29 4 18
26 25 5 16 26 19 11 17
20 4 7 5 17 22 7 5 11
25 30 23 14 26 6 8 12 26 13
30 21 10 28 26 15 10 8 27 15 23
9 23 28 30 11 6 3 1 5 15 29 25
29 11 24 13 27 14 16 22 24 20 11 22 23
26 15 27 1 15 21 3 29 21 4 16 18 29 12
18 3 7 25 6 4 15 8 17 16 12 22 27 21 28
10 3 19 22 17 10 5 1 16 24 24 7 2 14 17 21
13 4 23 2 4 21 2 26 19 28 25 20 1 25 14 20 21
28 11 18 8 23 24 16 8 7 5 3 21 12 8 16 24 13 3
18 23 25 22 9 4 15 17 4 11 9 8 24 23 19 21 9 1 7
20 12 4 30 9 2 16 25 12 14 6 27 10 29 17 7 24 8 2 25
20
3
8 22
6 24 18
26 3 30 27
26 23 28 25 4
5 11 8 8 9 10
16 7 29 2 6 4 17
20 29 23 5 16 12 6 12
28 9 3 3 9 22 9 27 5
29 9 16 24 1 30 23 16 20 18
22 26 17 14 15 3 4 7 25 10 11
19 4 18 1 19 6 26 1 4 1 22 2
23 2 6 17 4 16 13 4 15 18 28 28 26
18 26 27 19 15 10 8 11 25 19 14 11 23 3
23 14 28 29 24 20 25 10 9 8 30 21 18 12 14
30 1 13 15 13 5 10 6 28 1 17 14 7 26 1 22
28 11 12 7 4 30 26 29 19 7 13 19 14 19 1 17 13
11 28 27 26 26 25 1 25 24 20 5 30 11 22 20 19 10 4
10 1 12 4 18 24 19 17 6 16 10 30 8 24 29 24 4 22 3
6 17 22 1 10 21 29 16 7 29 24 5 30 29 27 25 2 12 13 21
20
2
1 14
3 28 2
30 1 13 17
3 26 13 12 8
26 1 1 4 13 25
26 23 13 21 2 4 13
8 5 22 29 29 15 29 28
17 5 11 11 9 3 12 21 17
9 18 21 18 16 2 4 26 4 11
6 24 17 8 7 19 12 11 29 6 16
21 25 3 13 15 21 16 15 13 27 23 18
22 23 21 22 29 28 23 28 6 1 26 29 3
23 29 3 11 21 11 8 15 18 8 24 16 25 6
25 5 1 27 23 11 16 15 20 4 4 10 26 15 10
1 15 6 14 28 21 8 26 18 30 1 12 27 10 12 1
21 4 4 14 27 18 9 20 17 15 23 1 30 8 24 9 25
15 3 26 7 3 21 28 14 27 25 3 19 28 30 16 5 27 16
8 13 11 10 22 26 15 3 3 8 5 26 10 27 11 12 29 16 22
28 3 26 1 18 7 25 10 14 24 7 2 14 20 5 12 17 1 3 13
20
28
4 20
20 14 15
2 12 28 10
28 13 10 14 20
29 16 29 23 9 13
27 8 12 18 7 30 26
6 28 12 10 29 21 2 19
22 11 8 28 24 19 10 19 4
16 24 28 7 2 28 10 20 19 16
14 26 11 26 27 24 1 24 15 26 30
16 10 13 19 9 27 10 29 26 20 19 16
3 12 17 17 10 23 12 28 21 10 24 17 7
21 8 25 11 18 28 25 20 1 29 28 30 6 1
19 24 27 13 22 2 7 17 28 3 4 9 15 3 12
12 9 2 10 16 18 30 20 11 2 10 9 14 14 7 14
4 19 17 14 22 11 8 1 13 16 27 25 12 27 15 26 7
1 6 25 14 4 12 27 29 8 22 1 23 20 25 3 29 25 8
7 15 20 7 4 7 20 11 30 23 22 12 10 14 23 27 12 13 6
13 14 22 4 15 18 24 18 24 8 20 23 20 8 22 25 2 17 15 21
20
9
28 8
15 3 17
28 29 21 6
25 25 13 22 20
26 3 22 7 12 3
2 18 2 13 10 17 21
22 21 4 14 16 10 25 19
19 6 2 29 24 22 18 15 13
4 27 18 8 4 27 28 27 7 5
6 24 13 14 21 29 2 9 22 11 27
13 9 30 17 20 1 11 19 2 2 17 18
13 7 10 26 2 30 2 5 7 8 24 10 9
2 4 13 20 4 16 8 28 15 4 22 30 5 6
14 9 15 1 7 15 19 13 2 15 6 24 12 16 18
17 26 14 22 25 2 21 10 17 8 2 24 27 15 11 8
7 25 25 15 26 14 20 15 19 13 16 15 18 28 17 15 10
1 22 19 13 28 23 25 10 10 4 17 23 10 30 18 10 16 17
21 11 23 10 4 15 11 20 6 11 22 3 3 19 10 2 14 30 18
18 4 8 29 17 25 28 22 23 21 30 16 14 5 3 10 26 22 23 4
20
4
21 28
5 19 10
25 27 29 24
5 7 8 3 1
28 28 22 27 25 13
1 4 26 22 20 29 6
5 28 7 20 4 26 23 30
24 1 26 5 17 9 23 26 19
22 15 29 25 22 18 9 30 26 7
15 6 30 24 19 8 12 15 16 25 10
13 7 24 17 15 27 8 16 11 13 22 6
16 13 13 28 25 23 7 7 10 11 19 4 19
28 2 21 22 11 28 23 1 30 6 9 30 16 14
10 28 1 19 26 16 16 10 15 1 6 2 28 6 28
26 13 15 28 8 29 22 20 1 16 26 26 24 19 9 4
27 24 1 19 16 13 8 14 9 23 12 22 16 12 1 23 29
29 9 10 28 21 14 20 17 15 2 19 4 12 12 12 1 28 17
26 25 17 18 8 27 11 4 27 7 22 2 18 27 25 20 17 25 18
15 5 13 18 5 8 28 25 23 7 27 21 11 13 3 25 28 9 25 4
20
19
18 18
29 20 27
24 1 27 4
27 9 14 27 9
24 11 18 3 8 12
2 8 6 11 16 9 10
12 19 27 6 21 27 24 22
16 21 3 23 3 10 25 6 3
21 22 3 17 27 7 25 25 3 6
2 27 26 6 10 25 5 21 10 9 23
11 11 3 25 3 25 29 13 10 9 10 17
30 20 3 28 23 2 18 7 26 22 29 24 10
10 1 5 11 18 27 15 20 1 10 18 7 21 9
23 1 16 22 16 30 4 25 14 13 14 21 18 21 23
1 4 11 9 29 21 8 21 4 27 26 1 24 6 26 25
17 30 11 8 19 4 10 18 4 20 24 27 2 8 26 7 15
30 19 5 10 23 10 28 26 2 2 24 29 5 25 23 10 11 2
9 17 20 30 11 15 8 2 28 7 6 22 4 14 19 24 30 8 21
2 1 28 14 16 11 20 25 5 19 18 8 15 5 1 30 11 15 29 12
20
5
18 23
30 9 11
6 12 15 2
11 4 29 13 3
30 14 16 13 26 26
28 5 20 8 27 24 23
27 12 9 11 12 24 15 12
8 26 25 1 30 4 26 17 11
7 8 8 20 28 12 25 15 1 6
12 30 28 3 15 20 15 13 30 7 25
8 29 7 23 30 21 24 10 11 25 30 30
19 29 18 20 26 16 4 13 9 4 14 1 24
8 20 25 21 5 19 2 16 21 26 12 14 5 19
13 3 24 25 12 1 4 23 26 3 1 3 19 29 7
26 13 14 28 30 30 6 27 29 9 16 6 30 30 27 18
16 24 7 3 19 25 25 30 1 8 25 1 23 18 7 27 29
24 3 1 9 23 6 29 13 5 14 20 29 2 28 27 14 26 29
24 1 9 3 18 12 18 24 15 29 10 25 21 2 20 18 9 26 15
9 19 5 20 25 17 13 18 16 27 12 7 1 23 4 25 20 12 18 22
20
28
3 23
2 7 17
22 16 11 23
24 4 24 7 28
30 2 3 3 6 23
8 27 14 17 15 19 13
6 16 5 28 10 12 24 16
19 29 27 26 22 1 26 12 1
28 13 27 2 13 23 21 20 28 6
13 1 12 14 22 7 21 20 6 13 23
6 18 6 12 14 16 9 9 15 14 17 12
19 1 30 25 13 29 16 7 28 2 3 27 6
12 24 3 17 29 27 20 1 30 10 23 7 11 8
24 25 4 21 8 8 28 4 3 3 18 23 24 9 30
30 22 11 23 28 18 4 9 19 12 4 22 12 9 20 21
21 9 25 12 13 30 7 14 4 17 29 7 17 5 7 21 17
27 18 15 4 7 9 4 2 23 17 5 1 25 16 23 25 1 17
8 11 20 2 20 2 10 16 2 21 27 2 19 7 14 6 13 18 6
28 14 21 18 1 14 4 9 17 27 8 11 20 2 1 18 10 2 10 24
20
22
11 27
30 11 29
9 12 30 22
25 17 19 27 29
4 12 19 18 5 16
29 11 25 2 10 26 19
7 5 19 18 12 27 2 2
29 10 5 4 16 30 7 11 5
6 10 8 14 13 10 2 30 16 29
27 18 13 22 21 1 23 20 17 30 23
6 30 13 24 21 29 10 2 17 13 20 3
23 14 29 28 30 18 13 17 8 8 23 11 1
29 14 4 16 20 12 22 23 25 13 9 5 23 12
13 3 21 11 19 3 30 21 29 19 15 23 30 6 14
30 17 5 17 5 8 27 21 8 20 1 21 3 23 19 18
24 19 5 16 13 14 20 19 19 24 12 24 11 12 6 17 24
12 29 5 15 11 8 12 5 19 18 4 24 5 13 8 8 16 5
26 13 7 23 15 9 18 19 30 28 11 10 1 23 30 20 6 28 4
2 7 2 28 24 26 2 12 24 23 16 15 8 4 20 7 24 5 25 4
20
5
11 14
17 1 12
20 17 26 24
11 23 27 17 6
28 22 20 29 22 22
8 3 9 14 12 3 9
9 4 12 4 21 29 12 12
21 25 9 7 3 18 28 30 5
7 25 17 17 22 24 30 24 6 6
18 5 18 26 12 15 25 20 29 7 8
9 18 26 21 2 15 1 8 29 21 13 18
23 17 11 8 29 7 8 21 12 28 23 24 5
28 3 23 10 24 9 10 26 18 5 5 5 28 18
8 10 6 14 2 5 5 1 28 9 29 27 13 2 21
25 8 7 14 16 22 10 24 5 7 18 2 7 9 14 3
17 25 26 5 30 7 8 4 1 24 2 2 8 6 12 3 30
24 16 8 3 2 25 11 17 14 6 26 23 8 19 15 14 18 23
4 11 4 11 3 1 9 1 30 23 11 9 21 15 12 8 26 20 7
9 25 6 4 9 18 28 4 12 18 18 1 1 26 29 21 10 22 14 28
20
29
28 1
14 23 9
12 11 22 15
7 30 1 11 28
6 30 23 7 7 13
29 3 4 9 21 27 1
27 19 30 22 24 18 7 24
27 22 6 1 17 14 22 29 4
4 21 9 2 10 26 5 3 9 22
18 1 21 20 26 21 12 13 30 7 18
1 10 26 28 14 7 2 20 30 28 16 15
22 26 11 15 1 17 8 25 29 15 1 17 29
19 3 28 24 14 15 17 16 6 22 28 17 11 25
30 27 6 22 22 30 11 12 2 7 25 29 10 13 4
27 4 29 2 20 7 23 17 12 11 15 28 23 15 26 18
18 23 1 17 18 9 11 4 6 23 18 26 15 27 19 13 9
2 1 14 20 26 28 15 3 7 2 18 30 21 28 28 29 22 26
13 21 22 9 6 23 19 19 3 21 19 20 3 21 19 27 19 26 14
29 10 1 6 21 13 23 7 25 18 12 20 28 30 27 20 24 2 15 17
20
14
29 21
7 19 29
4 23 24 2
20 14 27 1 13
29 25 6 1 4 10
7 5 11 21 4 9 10
12 9 3 16 15 27 26 18
25 2 7 19 13 6 30 5 8
5 7 25 6 11 6 17 15 18 7
17 14 18 4 27 9 28 29 24 15 22
15 21 19 5 29 30 10 15 4 18 20 17
4 24 29 11 30 30 11 13 22 21 20 19 26
1 19 11 7 3 10 11 6 4 28 25 22 1 24
27 18 15 25 12 26 16 4 18 8 10 19 11 21 28
1 24 29 12 23 23 28 12 15 23 23 16 15 11 10 18
28 14 2 25 11 3 30 27 2 10 5 27 24 26 4 23 13
12 25 5 30 4 27 12 27 1 20 13 30 8 22 10 29 22 1
17 26 13 15 21 3 15 18 10 22 8 26 3 4 28 15 21 8 11
26 26 12 6 15 3 5 27 16 5 15 19 5 1 13 9 11 11 10 22
20
6
24 29
6 28 29
8 29 11 29
17 26 2 10 4
12 20 27 14 6 25
12 5 13 30 12 12 5
27 29 15 8 16 19 26 9
7 9 22 25 14 3 14 9 7
9 27 28 30 12 24 6 19 5 12
12 4 12 18 27 4 27 30 6 7 24
2 10 16 7 18 23 22 23 19 17 26 25
15 10 15 16 9 25 19 4 28 10 11 24 11
17 13 22 7 23 2 12 28 2 22 8 19 4 17
19 1 6 10 5 4 2 3 30 23 17 6 16 16 30
8 25 6 19 14 9 2 9 22 11 18 19 23 21 4 3
4 8 6 20 24 19 2 18 30 10 17 15 9 16 16 17 13
6 26 23 1 25 13 27 17 24 12 3 8 10 20 18 4 29 7
9 5 14 18 13 18 21 12 20 8 15 5 8 6 3 23 19 14 17
24 7 19 3 30 11 5 2 6 10 30 8 20 25 13 12 2 24 30 15
0 
